L2a1: [[1, 2], [3, 4]]
L4a1: [[1, 2, 3, 4], [5, 6, 7, 8]]
L5a1: [[1, 2, 3, 4], [5, 6, 7, 8, 9, 10]]
L6a1: [[1, 2, 3, 4], [5, 6, 7, 8, 9, 10, 11, 12]]
L6a2: [[1, 2, 3, 4, 5, 6], [7, 8, 9, 10, 11, 12]]
L6a3: [[1, 2, 3, 4, 5, 6], [7, 8, 9, 10, 11, 12]]
L6a4: [[1, 2, 3, 4], [5, 6, 7, 8], [9, 10, 11, 12]]
L6a5: [[1, 2, 3, 4], [5, 6, 7, 8], [9, 10, 11, 12]]
L6n1: [[1, 2, 3, 4], [5, 6, 7, 8], [9, 10, 11, 12]]
L7a1: [[1, 2, 3, 4], [5, 6, 7, 8, 9, 10, 11, 12, 13, 14]]
L7a2: [[1, 2, 3, 4], [5, 6, 7, 8, 9, 10, 11, 12, 13, 14]]
L7a3: [[1, 2, 3, 4], [5, 6, 7, 8, 9, 10, 11, 12, 13, 14]]
L7a4: [[1, 2, 3, 4], [5, 6, 7, 8, 9, 10, 11, 12, 13, 14]]
L7a5: [[1, 2, 3, 4, 5, 6], [7, 8, 9, 10, 11, 12, 13, 14]]
L7a6: [[1, 2, 3, 4, 5, 6], [7, 8, 9, 10, 11, 12, 13, 14]]
L7a7: [[1, 2, 3, 4], [5, 6, 7, 8], [9, 10, 11, 12, 13, 14]]
L7n1: [[1, 2, 3, 4], [5, 6, 7, 8, 9, 10, 11, 12, 13, 14]]
L7n2: [[1, 2, 3, 4], [5, 6, 7, 8, 9, 10, 11, 12, 13, 14]]
L8a1: [[1, 2, 3, 4], [5, 6, 7, 8, 9, 10, 11, 12, 13, 14, 15, 16]]
L8a2: [[1, 2, 3, 4], [5, 6, 7, 8, 9, 10, 11, 12, 13, 14, 15, 16]]
L8a3: [[1, 2, 3, 4], [5, 6, 7, 8, 9, 10, 11, 12, 13, 14, 15, 16]]
L8a4: [[1, 2, 3, 4], [5, 6, 7, 8, 9, 10, 11, 12, 13, 14, 15, 16]]
L8a5: [[1, 2, 3, 4], [5, 6, 7, 8, 9, 10, 11, 12, 13, 14, 15, 16]]
L8a6: [[1, 2, 3, 4], [5, 6, 7, 8, 9, 10, 11, 12, 13, 14, 15, 16]]
L8a7: [[1, 2, 3, 4], [5, 6, 7, 8, 9, 10, 11, 12, 13, 14, 15, 16]]
L8a8: [[1, 2, 3, 4, 5, 6], [7, 8, 9, 10, 11, 12, 13, 14, 15, 16]]
L8a9: [[1, 2, 3, 4, 5, 6], [7, 8, 9, 10, 11, 12, 13, 14, 15, 16]]
L8a10: [[1, 2, 3, 4, 5, 6], [7, 8, 9, 10, 11, 12, 13, 14, 15, 16]]
L8a11: [[1, 2, 3, 4, 5, 6], [7, 8, 9, 10, 11, 12, 13, 14, 15, 16]]
L8a12: [[1, 2, 3, 4, 5, 6, 7, 8], [9, 10, 11, 12, 13, 14, 15, 16]]
L8a13: [[1, 2, 3, 4, 5, 6, 7, 8], [9, 10, 11, 12, 13, 14, 15, 16]]
L8a14: [[1, 2, 3, 4, 5, 6, 7, 8], [9, 10, 11, 12, 13, 14, 15, 16]]
L8a15: [[1, 2, 3, 4], [5, 6, 7, 8], [9, 10, 11, 12, 13, 14, 15, 16]]
L8a16: [[1, 2, 3, 4], [5, 6, 7, 8, 9, 10], [11, 12, 13, 14, 15, 16]]
L8a17: [[1, 2, 3, 4], [5, 6, 7, 8, 9, 10], [11, 12, 13, 14, 15, 16]]
L8a18: [[1, 2, 3, 4], [5, 6, 7, 8, 9, 10], [11, 12, 13, 14, 15, 16]]
L8a19: [[1, 2, 3, 4], [5, 6, 7, 8, 9, 10], [11, 12, 13, 14, 15, 16]]
L8a20: [[1, 2, 3, 4], [5, 6, 7, 8, 9, 10, 11, 12], [13, 14, 15, 16]]
L8a21: [[1, 2, 3, 4], [5, 6, 7, 8], [9, 10, 11, 12], [13, 14, 15, 16]]
L8n1: [[1, 2, 3, 4], [5, 6, 7, 8, 9, 10, 11, 12, 13, 14, 15, 16]]
L8n2: [[1, 2, 3, 4], [5, 6, 7, 8, 9, 10, 11, 12, 13, 14, 15, 16]]
L8n3: [[1, 2, 3, 4], [5, 6, 7, 8, 9, 10], [11, 12, 13, 14, 15, 16]]
L8n4: [[1, 2, 3, 4], [5, 6, 7, 8, 9, 10], [11, 12, 13, 14, 15, 16]]
L8n5: [[1, 2, 3, 4], [5, 6, 7, 8, 9, 10], [11, 12, 13, 14, 15, 16]]
L8n6: [[1, 2, 3, 4], [5, 6, 7, 8, 9, 10, 11, 12], [13, 14, 15, 16]]
L8n7: [[1, 2, 3, 4], [5, 6, 7, 8], [9, 10, 11, 12], [13, 14, 15, 16]]
L8n8: [[1, 2, 3, 4], [5, 6, 7, 8], [9, 10, 11, 12], [13, 14, 15, 16]]
L9a1: [[1, 2, 3, 4], [5, 6, 7, 8, 9, 10, 11, 12, 13, 14, 15, 16, 17, 18]]
L9a2: [[1, 2, 3, 4], [5, 6, 7, 8, 9, 10, 11, 12, 13, 14, 15, 16, 17, 18]]
L9a3: [[1, 2, 3, 4], [5, 6, 7, 8, 9, 10, 11, 12, 13, 14, 15, 16, 17, 18]]
L9a4: [[1, 2, 3, 4], [5, 6, 7, 8, 9, 10, 11, 12, 13, 14, 15, 16, 17, 18]]
L9a5: [[1, 2, 3, 4], [5, 6, 7, 8, 9, 10, 11, 12, 13, 14, 15, 16, 17, 18]]
L9a6: [[1, 2, 3, 4], [5, 6, 7, 8, 9, 10, 11, 12, 13, 14, 15, 16, 17, 18]]
L9a7: [[1, 2, 3, 4], [5, 6, 7, 8, 9, 10, 11, 12, 13, 14, 15, 16, 17, 18]]
L9a8: [[1, 2, 3, 4], [5, 6, 7, 8, 9, 10, 11, 12, 13, 14, 15, 16, 17, 18]]
L9a9: [[1, 2, 3, 4], [5, 6, 7, 8, 9, 10, 11, 12, 13, 14, 15, 16, 17, 18]]
L9a10: [[1, 2, 3, 4], [5, 6, 7, 8, 9, 10, 11, 12, 13, 14, 15, 16, 17, 18]]
L9a11: [[1, 2, 3, 4], [5, 6, 7, 8, 9, 10, 11, 12, 13, 14, 15, 16, 17, 18]]
L9a12: [[1, 2, 3, 4], [5, 6, 7, 8, 9, 10, 11, 12, 13, 14, 15, 16, 17, 18]]
L9a13: [[1, 2, 3, 4], [5, 6, 7, 8, 9, 10, 11, 12, 13, 14, 15, 16, 17, 18]]
L9a14: [[1, 2, 3, 4], [5, 6, 7, 8, 9, 10, 11, 12, 13, 14, 15, 16, 17, 18]]
L9a15: [[1, 2, 3, 4], [5, 6, 7, 8, 9, 10, 11, 12, 13, 14, 15, 16, 17, 18]]
L9a16: [[1, 2, 3, 4], [5, 6, 7, 8, 9, 10, 11, 12, 13, 14, 15, 16, 17, 18]]
L9a17: [[1, 2, 3, 4], [5, 6, 7, 8, 9, 10, 11, 12, 13, 14, 15, 16, 17, 18]]
L9a18: [[1, 2, 3, 4], [5, 6, 7, 8, 9, 10, 11, 12, 13, 14, 15, 16, 17, 18]]
L9a19: [[1, 2, 3, 4], [5, 6, 7, 8, 9, 10, 11, 12, 13, 14, 15, 16, 17, 18]]
L9a20: [[1, 2, 3, 4, 5, 6], [7, 8, 9, 10, 11, 12, 13, 14, 15, 16, 17, 18]]
L9a21: [[1, 2, 3, 4, 5, 6], [7, 8, 9, 10, 11, 12, 13, 14, 15, 16, 17, 18]]
L9a22: [[1, 2, 3, 4, 5, 6], [7, 8, 9, 10, 11, 12, 13, 14, 15, 16, 17, 18]]
L9a23: [[1, 2, 3, 4, 5, 6], [7, 8, 9, 10, 11, 12, 13, 14, 15, 16, 17, 18]]
L9a24: [[1, 2, 3, 4, 5, 6], [7, 8, 9, 10, 11, 12, 13, 14, 15, 16, 17, 18]]
L9a25: [[1, 2, 3, 4, 5, 6], [7, 8, 9, 10, 11, 12, 13, 14, 15, 16, 17, 18]]
L9a26: [[1, 2, 3, 4, 5, 6], [7, 8, 9, 10, 11, 12, 13, 14, 15, 16, 17, 18]]
L9a27: [[1, 2, 3, 4, 5, 6], [7, 8, 9, 10, 11, 12, 13, 14, 15, 16, 17, 18]]
L9a28: [[1, 2, 3, 4, 5, 6], [7, 8, 9, 10, 11, 12, 13, 14, 15, 16, 17, 18]]
L9a29: [[1, 2, 3, 4, 5, 6], [7, 8, 9, 10, 11, 12, 13, 14, 15, 16, 17, 18]]
L9a30: [[1, 2, 3, 4, 5, 6], [7, 8, 9, 10, 11, 12, 13, 14, 15, 16, 17, 18]]
L9a31: [[1, 2, 3, 4, 5, 6], [7, 8, 9, 10, 11, 12, 13, 14, 15, 16, 17, 18]]
L9a32: [[1, 2, 3, 4, 5, 6], [7, 8, 9, 10, 11, 12, 13, 14, 15, 16, 17, 18]]
L9a33: [[1, 2, 3, 4, 5, 6], [7, 8, 9, 10, 11, 12, 13, 14, 15, 16, 17, 18]]
L9a34: [[1, 2, 3, 4, 5, 6, 7, 8], [9, 10, 11, 12, 13, 14, 15, 16, 17, 18]]
L9a35: [[1, 2, 3, 4, 5, 6, 7, 8], [9, 10, 11, 12, 13, 14, 15, 16, 17, 18]]
L9a36: [[1, 2, 3, 4, 5, 6, 7, 8], [9, 10, 11, 12, 13, 14, 15, 16, 17, 18]]
L9a37: [[1, 2, 3, 4, 5, 6, 7, 8], [9, 10, 11, 12, 13, 14, 15, 16, 17, 18]]
L9a38: [[1, 2, 3, 4, 5, 6, 7, 8], [9, 10, 11, 12, 13, 14, 15, 16, 17, 18]]
L9a39: [[1, 2, 3, 4, 5, 6, 7, 8], [9, 10, 11, 12, 13, 14, 15, 16, 17, 18]]
L9a40: [[1, 2, 3, 4, 5, 6, 7, 8], [9, 10, 11, 12, 13, 14, 15, 16, 17, 18]]
L9a41: [[1, 2, 3, 4, 5, 6, 7, 8], [9, 10, 11, 12, 13, 14, 15, 16, 17, 18]]
L9a42: [[1, 2, 3, 4, 5, 6, 7, 8], [9, 10, 11, 12, 13, 14, 15, 16, 17, 18]]
L9a43: [[1, 2, 3, 4], [5, 6, 7, 8], [9, 10, 11, 12, 13, 14, 15, 16, 17, 18]]
L9a44: [[1, 2, 3, 4], [5, 6, 7, 8], [9, 10, 11, 12, 13, 14, 15, 16, 17, 18]]
L9a45: [[1, 2, 3, 4], [5, 6, 7, 8], [9, 10, 11, 12, 13, 14, 15, 16, 17, 18]]
L9a46: [[1, 2, 3, 4], [5, 6, 7, 8, 9, 10], [11, 12, 13, 14, 15, 16, 17, 18]]
L9a47: [[1, 2, 3, 4], [5, 6, 7, 8, 9, 10], [11, 12, 13, 14, 15, 16, 17, 18]]
L9a48: [[1, 2, 3, 4], [5, 6, 7, 8, 9, 10], [11, 12, 13, 14, 15, 16, 17, 18]]
L9a49: [[1, 2, 3, 4], [5, 6, 7, 8, 9, 10], [11, 12, 13, 14, 15, 16, 17, 18]]
L9a50: [[1, 2, 3, 4], [5, 6, 7, 8, 9, 10], [11, 12, 13, 14, 15, 16, 17, 18]]
L9a51: [[1, 2, 3, 4], [5, 6, 7, 8, 9, 10], [11, 12, 13, 14, 15, 16, 17, 18]]
L9a52: [[1, 2, 3, 4], [5, 6, 7, 8, 9, 10, 11, 12], [13, 14, 15, 16, 17, 18]]
L9a53: [[1, 2, 3, 4], [5, 6, 7, 8, 9, 10, 11, 12, 13, 14], [15, 16, 17, 18]]
L9a54: [[1, 2, 3, 4], [5, 6, 7, 8, 9, 10, 11, 12, 13, 14], [15, 16, 17, 18]]
L9a55: [[1, 2, 3, 4], [5, 6, 7, 8], [9, 10, 11, 12], [13, 14, 15, 16, 17, 18]]
L9n1: [[1, 2, 3, 4], [5, 6, 7, 8, 9, 10, 11, 12, 13, 14, 15, 16, 17, 18]]
L9n2: [[1, 2, 3, 4], [5, 6, 7, 8, 9, 10, 11, 12, 13, 14, 15, 16, 17, 18]]
L9n3: [[1, 2, 3, 4], [5, 6, 7, 8, 9, 10, 11, 12, 13, 14, 15, 16, 17, 18]]
L9n4: [[1, 2, 3, 4], [5, 6, 7, 8, 9, 10, 11, 12, 13, 14, 15, 16, 17, 18]]
L9n5: [[1, 2, 3, 4], [5, 6, 7, 8, 9, 10, 11, 12, 13, 14, 15, 16, 17, 18]]
L9n6: [[1, 2, 3, 4], [5, 6, 7, 8, 9, 10, 11, 12, 13, 14, 15, 16, 17, 18]]
L9n7: [[1, 2, 3, 4], [5, 6, 7, 8, 9, 10, 11, 12, 13, 14, 15, 16, 17, 18]]
L9n8: [[1, 2, 3, 4], [5, 6, 7, 8, 9, 10, 11, 12, 13, 14, 15, 16, 17, 18]]
L9n9: [[1, 2, 3, 4], [5, 6, 7, 8, 9, 10, 11, 12, 13, 14, 15, 16, 17, 18]]
L9n10: [[1, 2, 3, 4], [5, 6, 7, 8, 9, 10, 11, 12, 13, 14, 15, 16, 17, 18]]
L9n11: [[1, 2, 3, 4], [5, 6, 7, 8, 9, 10, 11, 12, 13, 14, 15, 16, 17, 18]]
L9n12: [[1, 2, 3, 4], [5, 6, 7, 8, 9, 10, 11, 12, 13, 14, 15, 16, 17, 18]]
L9n13: [[1, 2, 3, 4, 5, 6], [7, 8, 9, 10, 11, 12, 13, 14, 15, 16, 17, 18]]
L9n14: [[1, 2, 3, 4, 5, 6], [7, 8, 9, 10, 11, 12, 13, 14, 15, 16, 17, 18]]
L9n15: [[1, 2, 3, 4, 5, 6], [7, 8, 9, 10, 11, 12, 13, 14, 15, 16, 17, 18]]
L9n16: [[1, 2, 3, 4, 5, 6], [7, 8, 9, 10, 11, 12, 13, 14, 15, 16, 17, 18]]
L9n17: [[1, 2, 3, 4, 5, 6], [7, 8, 9, 10, 11, 12, 13, 14, 15, 16, 17, 18]]
L9n18: [[1, 2, 3, 4, 5, 6, 7, 8], [9, 10, 11, 12, 13, 14, 15, 16, 17, 18]]
L9n19: [[1, 2, 3, 4, 5, 6, 7, 8], [9, 10, 11, 12, 13, 14, 15, 16, 17, 18]]
L9n20: [[1, 2, 3, 4], [5, 6, 7, 8], [9, 10, 11, 12, 13, 14, 15, 16, 17, 18]]
L9n21: [[1, 2, 3, 4], [5, 6, 7, 8], [9, 10, 11, 12, 13, 14, 15, 16, 17, 18]]
L9n22: [[1, 2, 3, 4], [5, 6, 7, 8], [9, 10, 11, 12, 13, 14, 15, 16, 17, 18]]
L9n23: [[1, 2, 3, 4], [5, 6, 7, 8, 9, 10], [11, 12, 13, 14, 15, 16, 17, 18]]
L9n24: [[1, 2, 3, 4], [5, 6, 7, 8, 9, 10], [11, 12, 13, 14, 15, 16, 17, 18]]
L9n25: [[1, 2, 3, 4], [5, 6, 7, 8, 9, 10], [11, 12, 13, 14, 15, 16, 17, 18]]
L9n26: [[1, 2, 3, 4], [5, 6, 7, 8, 9, 10, 11, 12], [13, 14, 15, 16, 17, 18]]
L9n27: [[1, 2, 3, 4], [5, 6, 7, 8, 9, 10, 11, 12, 13, 14], [15, 16, 17, 18]]
L9n28: [[1, 2, 3, 4], [5, 6, 7, 8, 9, 10, 11, 12, 13, 14], [15, 16, 17, 18]]
L10a1: [[1, 2, 3, 4], [5, 6, 7, 8, 9, 10, 11, 12, 13, 14, 15, 16, 17, 18, 19, 20]]
L10a2: [[1, 2, 3, 4], [5, 6, 7, 8, 9, 10, 11, 12, 13, 14, 15, 16, 17, 18, 19, 20]]
L10a3: [[1, 2, 3, 4], [5, 6, 7, 8, 9, 10, 11, 12, 13, 14, 15, 16, 17, 18, 19, 20]]
L10a4: [[1, 2, 3, 4], [5, 6, 7, 8, 9, 10, 11, 12, 13, 14, 15, 16, 17, 18, 19, 20]]
L10a5: [[1, 2, 3, 4], [5, 6, 7, 8, 9, 10, 11, 12, 13, 14, 15, 16, 17, 18, 19, 20]]
L10a6: [[1, 2, 3, 4], [5, 6, 7, 8, 9, 10, 11, 12, 13, 14, 15, 16, 17, 18, 19, 20]]
L10a7: [[1, 2, 3, 4], [5, 6, 7, 8, 9, 10, 11, 12, 13, 14, 15, 16, 17, 18, 19, 20]]
L10a8: [[1, 2, 3, 4], [5, 6, 7, 8, 9, 10, 11, 12, 13, 14, 15, 16, 17, 18, 19, 20]]
L10a9: [[1, 2, 3, 4], [5, 6, 7, 8, 9, 10, 11, 12, 13, 14, 15, 16, 17, 18, 19, 20]]
L10a10: [[1, 2, 3, 4], [5, 6, 7, 8, 9, 10, 11, 12, 13, 14, 15, 16, 17, 18, 19, 20]]
L10a11: [[1, 2, 3, 4], [5, 6, 7, 8, 9, 10, 11, 12, 13, 14, 15, 16, 17, 18, 19, 20]]
L10a12: [[1, 2, 3, 4], [5, 6, 7, 8, 9, 10, 11, 12, 13, 14, 15, 16, 17, 18, 19, 20]]
L10a13: [[1, 2, 3, 4], [5, 6, 7, 8, 9, 10, 11, 12, 13, 14, 15, 16, 17, 18, 19, 20]]
L10a14: [[1, 2, 3, 4], [5, 6, 7, 8, 9, 10, 11, 12, 13, 14, 15, 16, 17, 18, 19, 20]]
L10a15: [[1, 2, 3, 4], [5, 6, 7, 8, 9, 10, 11, 12, 13, 14, 15, 16, 17, 18, 19, 20]]
L10a16: [[1, 2, 3, 4], [5, 6, 7, 8, 9, 10, 11, 12, 13, 14, 15, 16, 17, 18, 19, 20]]
L10a17: [[1, 2, 3, 4], [5, 6, 7, 8, 9, 10, 11, 12, 13, 14, 15, 16, 17, 18, 19, 20]]
L10a18: [[1, 2, 3, 4], [5, 6, 7, 8, 9, 10, 11, 12, 13, 14, 15, 16, 17, 18, 19, 20]]
L10a19: [[1, 2, 3, 4], [5, 6, 7, 8, 9, 10, 11, 12, 13, 14, 15, 16, 17, 18, 19, 20]]
L10a20: [[1, 2, 3, 4], [5, 6, 7, 8, 9, 10, 11, 12, 13, 14, 15, 16, 17, 18, 19, 20]]
L10a21: [[1, 2, 3, 4], [5, 6, 7, 8, 9, 10, 11, 12, 13, 14, 15, 16, 17, 18, 19, 20]]
L10a22: [[1, 2, 3, 4], [5, 6, 7, 8, 9, 10, 11, 12, 13, 14, 15, 16, 17, 18, 19, 20]]
L10a23: [[1, 2, 3, 4], [5, 6, 7, 8, 9, 10, 11, 12, 13, 14, 15, 16, 17, 18, 19, 20]]
L10a24: [[1, 2, 3, 4], [5, 6, 7, 8, 9, 10, 11, 12, 13, 14, 15, 16, 17, 18, 19, 20]]
L10a25: [[1, 2, 3, 4], [5, 6, 7, 8, 9, 10, 11, 12, 13, 14, 15, 16, 17, 18, 19, 20]]
L10a26: [[1, 2, 3, 4], [5, 6, 7, 8, 9, 10, 11, 12, 13, 14, 15, 16, 17, 18, 19, 20]]
L10a27: [[1, 2, 3, 4], [5, 6, 7, 8, 9, 10, 11, 12, 13, 14, 15, 16, 17, 18, 19, 20]]
L10a28: [[1, 2, 3, 4], [5, 6, 7, 8, 9, 10, 11, 12, 13, 14, 15, 16, 17, 18, 19, 20]]
L10a29: [[1, 2, 3, 4], [5, 6, 7, 8, 9, 10, 11, 12, 13, 14, 15, 16, 17, 18, 19, 20]]
L10a30: [[1, 2, 3, 4], [5, 6, 7, 8, 9, 10, 11, 12, 13, 14, 15, 16, 17, 18, 19, 20]]
L10a31: [[1, 2, 3, 4], [5, 6, 7, 8, 9, 10, 11, 12, 13, 14, 15, 16, 17, 18, 19, 20]]
L10a32: [[1, 2, 3, 4], [5, 6, 7, 8, 9, 10, 11, 12, 13, 14, 15, 16, 17, 18, 19, 20]]
L10a33: [[1, 2, 3, 4], [5, 6, 7, 8, 9, 10, 11, 12, 13, 14, 15, 16, 17, 18, 19, 20]]
L10a34: [[1, 2, 3, 4], [5, 6, 7, 8, 9, 10, 11, 12, 13, 14, 15, 16, 17, 18, 19, 20]]
L10a35: [[1, 2, 3, 4], [5, 6, 7, 8, 9, 10, 11, 12, 13, 14, 15, 16, 17, 18, 19, 20]]
L10a36: [[1, 2, 3, 4], [5, 6, 7, 8, 9, 10, 11, 12, 13, 14, 15, 16, 17, 18, 19, 20]]
L10a37: [[1, 2, 3, 4], [5, 6, 7, 8, 9, 10, 11, 12, 13, 14, 15, 16, 17, 18, 19, 20]]
L10a38: [[1, 2, 3, 4], [5, 6, 7, 8, 9, 10, 11, 12, 13, 14, 15, 16, 17, 18, 19, 20]]
L10a39: [[1, 2, 3, 4], [5, 6, 7, 8, 9, 10, 11, 12, 13, 14, 15, 16, 17, 18, 19, 20]]
L10a40: [[1, 2, 3, 4], [5, 6, 7, 8, 9, 10, 11, 12, 13, 14, 15, 16, 17, 18, 19, 20]]
L10a41: [[1, 2, 3, 4], [5, 6, 7, 8, 9, 10, 11, 12, 13, 14, 15, 16, 17, 18, 19, 20]]
L10a42: [[1, 2, 3, 4], [5, 6, 7, 8, 9, 10, 11, 12, 13, 14, 15, 16, 17, 18, 19, 20]]
L10a43: [[1, 2, 3, 4], [5, 6, 7, 8, 9, 10, 11, 12, 13, 14, 15, 16, 17, 18, 19, 20]]
L10a44: [[1, 2, 3, 4], [5, 6, 7, 8, 9, 10, 11, 12, 13, 14, 15, 16, 17, 18, 19, 20]]
L10a45: [[1, 2, 3, 4], [5, 6, 7, 8, 9, 10, 11, 12, 13, 14, 15, 16, 17, 18, 19, 20]]
L10a46: [[1, 2, 3, 4], [5, 6, 7, 8, 9, 10, 11, 12, 13, 14, 15, 16, 17, 18, 19, 20]]
L10a47: [[1, 2, 3, 4], [5, 6, 7, 8, 9, 10, 11, 12, 13, 14, 15, 16, 17, 18, 19, 20]]
L10a48: [[1, 2, 3, 4], [5, 6, 7, 8, 9, 10, 11, 12, 13, 14, 15, 16, 17, 18, 19, 20]]
L10a49: [[1, 2, 3, 4], [5, 6, 7, 8, 9, 10, 11, 12, 13, 14, 15, 16, 17, 18, 19, 20]]
L10a50: [[1, 2, 3, 4], [5, 6, 7, 8, 9, 10, 11, 12, 13, 14, 15, 16, 17, 18, 19, 20]]
L10a51: [[1, 2, 3, 4, 5, 6], [7, 8, 9, 10, 11, 12, 13, 14, 15, 16, 17, 18, 19, 20]]
L10a52: [[1, 2, 3, 4, 5, 6], [7, 8, 9, 10, 11, 12, 13, 14, 15, 16, 17, 18, 19, 20]]
L10a53: [[1, 2, 3, 4, 5, 6], [7, 8, 9, 10, 11, 12, 13, 14, 15, 16, 17, 18, 19, 20]]
L10a54: [[1, 2, 3, 4, 5, 6], [7, 8, 9, 10, 11, 12, 13, 14, 15, 16, 17, 18, 19, 20]]
L10a55: [[1, 2, 3, 4, 5, 6], [7, 8, 9, 10, 11, 12, 13, 14, 15, 16, 17, 18, 19, 20]]
L10a56: [[1, 2, 3, 4, 5, 6], [7, 8, 9, 10, 11, 12, 13, 14, 15, 16, 17, 18, 19, 20]]
L10a57: [[1, 2, 3, 4, 5, 6], [7, 8, 9, 10, 11, 12, 13, 14, 15, 16, 17, 18, 19, 20]]
L10a58: [[1, 2, 3, 4, 5, 6], [7, 8, 9, 10, 11, 12, 13, 14, 15, 16, 17, 18, 19, 20]]
L10a59: [[1, 2, 3, 4, 5, 6], [7, 8, 9, 10, 11, 12, 13, 14, 15, 16, 17, 18, 19, 20]]
L10a60: [[1, 2, 3, 4, 5, 6], [7, 8, 9, 10, 11, 12, 13, 14, 15, 16, 17, 18, 19, 20]]
L10a61: [[1, 2, 3, 4, 5, 6], [7, 8, 9, 10, 11, 12, 13, 14, 15, 16, 17, 18, 19, 20]]
L10a62: [[1, 2, 3, 4, 5, 6], [7, 8, 9, 10, 11, 12, 13, 14, 15, 16, 17, 18, 19, 20]]
L10a63: [[1, 2, 3, 4, 5, 6], [7, 8, 9, 10, 11, 12, 13, 14, 15, 16, 17, 18, 19, 20]]
L10a64: [[1, 2, 3, 4, 5, 6], [7, 8, 9, 10, 11, 12, 13, 14, 15, 16, 17, 18, 19, 20]]
L10a65: [[1, 2, 3, 4, 5, 6], [7, 8, 9, 10, 11, 12, 13, 14, 15, 16, 17, 18, 19, 20]]
L10a66: [[1, 2, 3, 4, 5, 6], [7, 8, 9, 10, 11, 12, 13, 14, 15, 16, 17, 18, 19, 20]]
L10a67: [[1, 2, 3, 4, 5, 6], [7, 8, 9, 10, 11, 12, 13, 14, 15, 16, 17, 18, 19, 20]]
L10a68: [[1, 2, 3, 4, 5, 6], [7, 8, 9, 10, 11, 12, 13, 14, 15, 16, 17, 18, 19, 20]]
L10a69: [[1, 2, 3, 4, 5, 6], [7, 8, 9, 10, 11, 12, 13, 14, 15, 16, 17, 18, 19, 20]]
L10a70: [[1, 2, 3, 4, 5, 6], [7, 8, 9, 10, 11, 12, 13, 14, 15, 16, 17, 18, 19, 20]]
L10a71: [[1, 2, 3, 4, 5, 6], [7, 8, 9, 10, 11, 12, 13, 14, 15, 16, 17, 18, 19, 20]]
L10a72: [[1, 2, 3, 4, 5, 6], [7, 8, 9, 10, 11, 12, 13, 14, 15, 16, 17, 18, 19, 20]]
L10a73: [[1, 2, 3, 4, 5, 6], [7, 8, 9, 10, 11, 12, 13, 14, 15, 16, 17, 18, 19, 20]]
L10a74: [[1, 2, 3, 4, 5, 6], [7, 8, 9, 10, 11, 12, 13, 14, 15, 16, 17, 18, 19, 20]]
L10a75: [[1, 2, 3, 4, 5, 6], [7, 8, 9, 10, 11, 12, 13, 14, 15, 16, 17, 18, 19, 20]]
L10a76: [[1, 2, 3, 4, 5, 6], [7, 8, 9, 10, 11, 12, 13, 14, 15, 16, 17, 18, 19, 20]]
L10a77: [[1, 2, 3, 4, 5, 6], [7, 8, 9, 10, 11, 12, 13, 14, 15, 16, 17, 18, 19, 20]]
L10a78: [[1, 2, 3, 4, 5, 6], [7, 8, 9, 10, 11, 12, 13, 14, 15, 16, 17, 18, 19, 20]]
L10a79: [[1, 2, 3, 4, 5, 6], [7, 8, 9, 10, 11, 12, 13, 14, 15, 16, 17, 18, 19, 20]]
L10a80: [[1, 2, 3, 4, 5, 6], [7, 8, 9, 10, 11, 12, 13, 14, 15, 16, 17, 18, 19, 20]]
L10a81: [[1, 2, 3, 4, 5, 6], [7, 8, 9, 10, 11, 12, 13, 14, 15, 16, 17, 18, 19, 20]]
L10a82: [[1, 2, 3, 4, 5, 6], [7, 8, 9, 10, 11, 12, 13, 14, 15, 16, 17, 18, 19, 20]]
L10a83: [[1, 2, 3, 4, 5, 6], [7, 8, 9, 10, 11, 12, 13, 14, 15, 16, 17, 18, 19, 20]]
L10a84: [[1, 2, 3, 4, 5, 6], [7, 8, 9, 10, 11, 12, 13, 14, 15, 16, 17, 18, 19, 20]]
L10a85: [[1, 2, 3, 4, 5, 6], [7, 8, 9, 10, 11, 12, 13, 14, 15, 16, 17, 18, 19, 20]]
L10a86: [[1, 2, 3, 4, 5, 6], [7, 8, 9, 10, 11, 12, 13, 14, 15, 16, 17, 18, 19, 20]]
L10a87: [[1, 2, 3, 4, 5, 6], [7, 8, 9, 10, 11, 12, 13, 14, 15, 16, 17, 18, 19, 20]]
L10a88: [[1, 2, 3, 4, 5, 6, 7, 8], [9, 10, 11, 12, 13, 14, 15, 16, 17, 18, 19, 20]]
L10a89: [[1, 2, 3, 4, 5, 6, 7, 8], [9, 10, 11, 12, 13, 14, 15, 16, 17, 18, 19, 20]]
L10a90: [[1, 2, 3, 4, 5, 6, 7, 8], [9, 10, 11, 12, 13, 14, 15, 16, 17, 18, 19, 20]]
L10a91: [[1, 2, 3, 4, 5, 6, 7, 8], [9, 10, 11, 12, 13, 14, 15, 16, 17, 18, 19, 20]]
L10a92: [[1, 2, 3, 4, 5, 6, 7, 8], [9, 10, 11, 12, 13, 14, 15, 16, 17, 18, 19, 20]]
L10a93: [[1, 2, 3, 4, 5, 6, 7, 8], [9, 10, 11, 12, 13, 14, 15, 16, 17, 18, 19, 20]]
L10a94: [[1, 2, 3, 4, 5, 6, 7, 8], [9, 10, 11, 12, 13, 14, 15, 16, 17, 18, 19, 20]]
L10a95: [[1, 2, 3, 4, 5, 6, 7, 8], [9, 10, 11, 12, 13, 14, 15, 16, 17, 18, 19, 20]]
L10a96: [[1, 2, 3, 4, 5, 6, 7, 8], [9, 10, 11, 12, 13, 14, 15, 16, 17, 18, 19, 20]]
L10a97: [[1, 2, 3, 4, 5, 6, 7, 8], [9, 10, 11, 12, 13, 14, 15, 16, 17, 18, 19, 20]]
L10a98: [[1, 2, 3, 4, 5, 6, 7, 8], [9, 10, 11, 12, 13, 14, 15, 16, 17, 18, 19, 20]]
L10a99: [[1, 2, 3, 4, 5, 6, 7, 8], [9, 10, 11, 12, 13, 14, 15, 16, 17, 18, 19, 20]]
L10a100: [[1, 2, 3, 4, 5, 6, 7, 8], [9, 10, 11, 12, 13, 14, 15, 16, 17, 18, 19, 20]]
L10a101: [[1, 2, 3, 4, 5, 6, 7, 8], [9, 10, 11, 12, 13, 14, 15, 16, 17, 18, 19, 20]]
L10a102: [[1, 2, 3, 4, 5, 6, 7, 8], [9, 10, 11, 12, 13, 14, 15, 16, 17, 18, 19, 20]]
L10a103: [[1, 2, 3, 4, 5, 6, 7, 8], [9, 10, 11, 12, 13, 14, 15, 16, 17, 18, 19, 20]]
L10a104: [[1, 2, 3, 4, 5, 6, 7, 8], [9, 10, 11, 12, 13, 14, 15, 16, 17, 18, 19, 20]]
L10a105: [[1, 2, 3, 4, 5, 6, 7, 8], [9, 10, 11, 12, 13, 14, 15, 16, 17, 18, 19, 20]]
L10a106: [[1, 2, 3, 4, 5, 6, 7, 8], [9, 10, 11, 12, 13, 14, 15, 16, 17, 18, 19, 20]]
L10a107: [[1, 2, 3, 4, 5, 6, 7, 8], [9, 10, 11, 12, 13, 14, 15, 16, 17, 18, 19, 20]]
L10a108: [[1, 2, 3, 4, 5, 6, 7, 8, 9, 10], [11, 12, 13, 14, 15, 16, 17, 18, 19, 20]]
L10a109: [[1, 2, 3, 4, 5, 6, 7, 8, 9, 10], [11, 12, 13, 14, 15, 16, 17, 18, 19, 20]]
L10a110: [[1, 2, 3, 4, 5, 6, 7, 8, 9, 10], [11, 12, 13, 14, 15, 16, 17, 18, 19, 20]]
L10a111: [[1, 2, 3, 4, 5, 6, 7, 8, 9, 10], [11, 12, 13, 14, 15, 16, 17, 18, 19, 20]]
L10a112: [[1, 2, 3, 4, 5, 6, 7, 8, 9, 10], [11, 12, 13, 14, 15, 16, 17, 18, 19, 20]]
L10a113: [[1, 2, 3, 4, 5, 6, 7, 8, 9, 10], [11, 12, 13, 14, 15, 16, 17, 18, 19, 20]]
L10a114: [[1, 2, 3, 4, 5, 6, 7, 8, 9, 10], [11, 12, 13, 14, 15, 16, 17, 18, 19, 20]]
L10a115: [[1, 2, 3, 4, 5, 6, 7, 8, 9, 10], [11, 12, 13, 14, 15, 16, 17, 18, 19, 20]]
L10a116: [[1, 2, 3, 4, 5, 6, 7, 8, 9, 10], [11, 12, 13, 14, 15, 16, 17, 18, 19, 20]]
L10a117: [[1, 2, 3, 4, 5, 6, 7, 8, 9, 10], [11, 12, 13, 14, 15, 16, 17, 18, 19, 20]]
L10a118: [[1, 2, 3, 4, 5, 6, 7, 8, 9, 10], [11, 12, 13, 14, 15, 16, 17, 18, 19, 20]]
L10a119: [[1, 2, 3, 4, 5, 6, 7, 8, 9, 10], [11, 12, 13, 14, 15, 16, 17, 18, 19, 20]]
L10a120: [[1, 2, 3, 4, 5, 6, 7, 8, 9, 10], [11, 12, 13, 14, 15, 16, 17, 18, 19, 20]]
L10a121: [[1, 2, 3, 4, 5, 6, 7, 8, 9, 10], [11, 12, 13, 14, 15, 16, 17, 18, 19, 20]]
L10a122: [[1, 2, 3, 4], [5, 6, 7, 8], [9, 10, 11, 12, 13, 14, 15, 16, 17, 18, 19, 20]]
L10a123: [[1, 2, 3, 4], [5, 6, 7, 8], [9, 10, 11, 12, 13, 14, 15, 16, 17, 18, 19, 20]]
L10a124: [[1, 2, 3, 4], [5, 6, 7, 8], [9, 10, 11, 12, 13, 14, 15, 16, 17, 18, 19, 20]]
L10a125: [[1, 2, 3, 4], [5, 6, 7, 8], [9, 10, 11, 12, 13, 14, 15, 16, 17, 18, 19, 20]]
L10a126: [[1, 2, 3, 4], [5, 6, 7, 8], [9, 10, 11, 12, 13, 14, 15, 16, 17, 18, 19, 20]]
L10a127: [[1, 2, 3, 4], [5, 6, 7, 8, 9, 10], [11, 12, 13, 14, 15, 16, 17, 18, 19, 20]]
L10a128: [[1, 2, 3, 4], [5, 6, 7, 8, 9, 10], [11, 12, 13, 14, 15, 16, 17, 18, 19, 20]]
L10a129: [[1, 2, 3, 4], [5, 6, 7, 8, 9, 10], [11, 12, 13, 14, 15, 16, 17, 18, 19, 20]]
L10a130: [[1, 2, 3, 4], [5, 6, 7, 8, 9, 10], [11, 12, 13, 14, 15, 16, 17, 18, 19, 20]]
L10a131: [[1, 2, 3, 4], [5, 6, 7, 8, 9, 10], [11, 12, 13, 14, 15, 16, 17, 18, 19, 20]]
L10a132: [[1, 2, 3, 4], [5, 6, 7, 8, 9, 10], [11, 12, 13, 14, 15, 16, 17, 18, 19, 20]]
L10a133: [[1, 2, 3, 4], [5, 6, 7, 8, 9, 10], [11, 12, 13, 14, 15, 16, 17, 18, 19, 20]]
L10a134: [[1, 2, 3, 4], [5, 6, 7, 8, 9, 10], [11, 12, 13, 14, 15, 16, 17, 18, 19, 20]]
L10a135: [[1, 2, 3, 4], [5, 6, 7, 8, 9, 10], [11, 12, 13, 14, 15, 16, 17, 18, 19, 20]]
L10a136: [[1, 2, 3, 4], [5, 6, 7, 8, 9, 10], [11, 12, 13, 14, 15, 16, 17, 18, 19, 20]]
L10a137: [[1, 2, 3, 4], [5, 6, 7, 8, 9, 10, 11, 12], [13, 14, 15, 16, 17, 18, 19, 20]]
L10a138: [[1, 2, 3, 4], [5, 6, 7, 8, 9, 10, 11, 12], [13, 14, 15, 16, 17, 18, 19, 20]]
L10a139: [[1, 2, 3, 4], [5, 6, 7, 8, 9, 10, 11, 12], [13, 14, 15, 16, 17, 18, 19, 20]]
L10a140: [[1, 2, 3, 4], [5, 6, 7, 8, 9, 10, 11, 12], [13, 14, 15, 16, 17, 18, 19, 20]]
L10a141: [[1, 2, 3, 4], [5, 6, 7, 8, 9, 10, 11, 12], [13, 14, 15, 16, 17, 18, 19, 20]]
L10a142: [[1, 2, 3, 4], [5, 6, 7, 8, 9, 10, 11, 12], [13, 14, 15, 16, 17, 18, 19, 20]]
L10a143: [[1, 2, 3, 4], [5, 6, 7, 8, 9, 10, 11, 12], [13, 14, 15, 16, 17, 18, 19, 20]]
L10a144: [[1, 2, 3, 4], [5, 6, 7, 8, 9, 10, 11, 12], [13, 14, 15, 16, 17, 18, 19, 20]]
L10a145: [[1, 2, 3, 4], [5, 6, 7, 8, 9, 10, 11, 12], [13, 14, 15, 16, 17, 18, 19, 20]]
L10a146: [[1, 2, 3, 4], [5, 6, 7, 8, 9, 10, 11, 12], [13, 14, 15, 16, 17, 18, 19, 20]]
L10a147: [[1, 2, 3, 4], [5, 6, 7, 8, 9, 10, 11, 12], [13, 14, 15, 16, 17, 18, 19, 20]]
L10a148: [[1, 2, 3, 4], [5, 6, 7, 8, 9, 10, 11, 12], [13, 14, 15, 16, 17, 18, 19, 20]]
L10a149: [[1, 2, 3, 4], [5, 6, 7, 8, 9, 10, 11, 12, 13, 14], [15, 16, 17, 18, 19, 20]]
L10a150: [[1, 2, 3, 4], [5, 6, 7, 8, 9, 10, 11, 12, 13, 14], [15, 16, 17, 18, 19, 20]]
L10a151: [[1, 2, 3, 4], [5, 6, 7, 8, 9, 10, 11, 12, 13, 14], [15, 16, 17, 18, 19, 20]]
L10a152: [[1, 2, 3, 4], [5, 6, 7, 8, 9, 10, 11, 12, 13, 14], [15, 16, 17, 18, 19, 20]]
L10a153: [[1, 2, 3, 4], [5, 6, 7, 8, 9, 10, 11, 12, 13, 14], [15, 16, 17, 18, 19, 20]]
L10a154: [[1, 2, 3, 4], [5, 6, 7, 8, 9, 10, 11, 12, 13, 14, 15, 16], [17, 18, 19, 20]]
L10a155: [[1, 2, 3, 4], [5, 6, 7, 8, 9, 10, 11, 12, 13, 14, 15, 16], [17, 18, 19, 20]]
L10a156: [[1, 2, 3, 4, 5, 6], [7, 8, 9, 10, 11, 12], [13, 14, 15, 16, 17, 18, 19, 20]]
L10a157: [[1, 2, 3, 4, 5, 6], [7, 8, 9, 10, 11, 12], [13, 14, 15, 16, 17, 18, 19, 20]]
L10a158: [[1, 2, 3, 4, 5, 6], [7, 8, 9, 10, 11, 12], [13, 14, 15, 16, 17, 18, 19, 20]]
L10a159: [[1, 2, 3, 4, 5, 6], [7, 8, 9, 10, 11, 12], [13, 14, 15, 16, 17, 18, 19, 20]]
L10a160: [[1, 2, 3, 4, 5, 6], [7, 8, 9, 10, 11, 12], [13, 14, 15, 16, 17, 18, 19, 20]]
L10a161: [[1, 2, 3, 4, 5, 6], [7, 8, 9, 10, 11, 12], [13, 14, 15, 16, 17, 18, 19, 20]]
L10a162: [[1, 2, 3, 4, 5, 6], [7, 8, 9, 10, 11, 12], [13, 14, 15, 16, 17, 18, 19, 20]]
L10a163: [[1, 2, 3, 4, 5, 6], [7, 8, 9, 10, 11, 12], [13, 14, 15, 16, 17, 18, 19, 20]]
L10a164: [[1, 2, 3, 4, 5, 6], [7, 8, 9, 10, 11, 12], [13, 14, 15, 16, 17, 18, 19, 20]]
L10a165: [[1, 2, 3, 4], [5, 6, 7, 8], [9, 10, 11, 12], [13, 14, 15, 16, 17, 18, 19, 20]]
L10a166: [[1, 2, 3, 4], [5, 6, 7, 8], [9, 10, 11, 12, 13, 14], [15, 16, 17, 18, 19, 20]]
L10a167: [[1, 2, 3, 4], [5, 6, 7, 8], [9, 10, 11, 12, 13, 14], [15, 16, 17, 18, 19, 20]]
L10a168: [[1, 2, 3, 4], [5, 6, 7, 8], [9, 10, 11, 12, 13, 14, 15, 16], [17, 18, 19, 20]]
L10a169: [[1, 2, 3, 4], [5, 6, 7, 8, 9, 10], [11, 12, 13, 14], [15, 16, 17, 18, 19, 20]]
L10a170: [[1, 2, 3, 4], [5, 6, 7, 8, 9, 10], [11, 12, 13, 14], [15, 16, 17, 18, 19, 20]]
L10a171: [[1, 2, 3, 4], [5, 6, 7, 8, 9, 10], [11, 12, 13, 14, 15, 16], [17, 18, 19, 20]]
L10a172: [[1, 2, 3, 4], [5, 6, 7, 8, 9, 10], [11, 12, 13, 14, 15, 16], [17, 18, 19, 20]]
L10a173: [[1, 2, 3, 4], [5, 6, 7, 8, 9, 10], [11, 12, 13, 14, 15, 16], [17, 18, 19, 20]]
L10a174: [[1, 2, 3, 4], [5, 6, 7, 8], [9, 10, 11, 12], [13, 14, 15, 16], [17, 18, 19, 20]]
L10n1: [[1, 2, 3, 4], [5, 6, 7, 8, 9, 10, 11, 12, 13, 14, 15, 16, 17, 18, 19, 20]]
L10n2: [[1, 2, 3, 4], [5, 6, 7, 8, 9, 10, 11, 12, 13, 14, 15, 16, 17, 18, 19, 20]]
L10n3: [[1, 2, 3, 4], [5, 6, 7, 8, 9, 10, 11, 12, 13, 14, 15, 16, 17, 18, 19, 20]]
L10n4: [[1, 2, 3, 4], [5, 6, 7, 8, 9, 10, 11, 12, 13, 14, 15, 16, 17, 18, 19, 20]]
L10n5: [[1, 2, 3, 4], [5, 6, 7, 8, 9, 10, 11, 12, 13, 14, 15, 16, 17, 18, 19, 20]]
L10n6: [[1, 2, 3, 4], [5, 6, 7, 8, 9, 10, 11, 12, 13, 14, 15, 16, 17, 18, 19, 20]]
L10n7: [[1, 2, 3, 4], [5, 6, 7, 8, 9, 10, 11, 12, 13, 14, 15, 16, 17, 18, 19, 20]]
L10n8: [[1, 2, 3, 4], [5, 6, 7, 8, 9, 10, 11, 12, 13, 14, 15, 16, 17, 18, 19, 20]]
L10n9: [[1, 2, 3, 4], [5, 6, 7, 8, 9, 10, 11, 12, 13, 14, 15, 16, 17, 18, 19, 20]]
L10n10: [[1, 2, 3, 4], [5, 6, 7, 8, 9, 10, 11, 12, 13, 14, 15, 16, 17, 18, 19, 20]]
L10n11: [[1, 2, 3, 4], [5, 6, 7, 8, 9, 10, 11, 12, 13, 14, 15, 16, 17, 18, 19, 20]]
L10n12: [[1, 2, 3, 4], [5, 6, 7, 8, 9, 10, 11, 12, 13, 14, 15, 16, 17, 18, 19, 20]]
L10n13: [[1, 2, 3, 4], [5, 6, 7, 8, 9, 10, 11, 12, 13, 14, 15, 16, 17, 18, 19, 20]]
L10n14: [[1, 2, 3, 4], [5, 6, 7, 8, 9, 10, 11, 12, 13, 14, 15, 16, 17, 18, 19, 20]]
L10n15: [[1, 2, 3, 4], [5, 6, 7, 8, 9, 10, 11, 12, 13, 14, 15, 16, 17, 18, 19, 20]]
L10n16: [[1, 2, 3, 4], [5, 6, 7, 8, 9, 10, 11, 12, 13, 14, 15, 16, 17, 18, 19, 20]]
L10n17: [[1, 2, 3, 4], [5, 6, 7, 8, 9, 10, 11, 12, 13, 14, 15, 16, 17, 18, 19, 20]]
L10n18: [[1, 2, 3, 4], [5, 6, 7, 8, 9, 10, 11, 12, 13, 14, 15, 16, 17, 18, 19, 20]]
L10n19: [[1, 2, 3, 4], [5, 6, 7, 8, 9, 10, 11, 12, 13, 14, 15, 16, 17, 18, 19, 20]]
L10n20: [[1, 2, 3, 4], [5, 6, 7, 8, 9, 10, 11, 12, 13, 14, 15, 16, 17, 18, 19, 20]]
L10n21: [[1, 2, 3, 4], [5, 6, 7, 8, 9, 10, 11, 12, 13, 14, 15, 16, 17, 18, 19, 20]]
L10n22: [[1, 2, 3, 4], [5, 6, 7, 8, 9, 10, 11, 12, 13, 14, 15, 16, 17, 18, 19, 20]]
L10n23: [[1, 2, 3, 4], [5, 6, 7, 8, 9, 10, 11, 12, 13, 14, 15, 16, 17, 18, 19, 20]]
L10n24: [[1, 2, 3, 4], [5, 6, 7, 8, 9, 10, 11, 12, 13, 14, 15, 16, 17, 18, 19, 20]]
L10n25: [[1, 2, 3, 4], [5, 6, 7, 8, 9, 10, 11, 12, 13, 14, 15, 16, 17, 18, 19, 20]]
L10n26: [[1, 2, 3, 4], [5, 6, 7, 8, 9, 10, 11, 12, 13, 14, 15, 16, 17, 18, 19, 20]]
L10n27: [[1, 2, 3, 4], [5, 6, 7, 8, 9, 10, 11, 12, 13, 14, 15, 16, 17, 18, 19, 20]]
L10n28: [[1, 2, 3, 4], [5, 6, 7, 8, 9, 10, 11, 12, 13, 14, 15, 16, 17, 18, 19, 20]]
L10n29: [[1, 2, 3, 4], [5, 6, 7, 8, 9, 10, 11, 12, 13, 14, 15, 16, 17, 18, 19, 20]]
L10n30: [[1, 2, 3, 4], [5, 6, 7, 8, 9, 10, 11, 12, 13, 14, 15, 16, 17, 18, 19, 20]]
L10n31: [[1, 2, 3, 4], [5, 6, 7, 8, 9, 10, 11, 12, 13, 14, 15, 16, 17, 18, 19, 20]]
L10n32: [[1, 2, 3, 4], [5, 6, 7, 8, 9, 10, 11, 12, 13, 14, 15, 16, 17, 18, 19, 20]]
L10n33: [[1, 2, 3, 4], [5, 6, 7, 8, 9, 10, 11, 12, 13, 14, 15, 16, 17, 18, 19, 20]]
L10n34: [[1, 2, 3, 4], [5, 6, 7, 8, 9, 10, 11, 12, 13, 14, 15, 16, 17, 18, 19, 20]]
L10n35: [[1, 2, 3, 4], [5, 6, 7, 8, 9, 10, 11, 12, 13, 14, 15, 16, 17, 18, 19, 20]]
L10n36: [[1, 2, 3, 4], [5, 6, 7, 8, 9, 10, 11, 12, 13, 14, 15, 16, 17, 18, 19, 20]]
L10n37: [[1, 2, 3, 4], [5, 6, 7, 8, 9, 10, 11, 12, 13, 14, 15, 16, 17, 18, 19, 20]]
L10n38: [[1, 2, 3, 4], [5, 6, 7, 8, 9, 10, 11, 12, 13, 14, 15, 16, 17, 18, 19, 20]]
L10n39: [[1, 2, 3, 4], [5, 6, 7, 8, 9, 10, 11, 12, 13, 14, 15, 16, 17, 18, 19, 20]]
L10n40: [[1, 2, 3, 4, 5, 6], [7, 8, 9, 10, 11, 12, 13, 14, 15, 16, 17, 18, 19, 20]]
L10n41: [[1, 2, 3, 4, 5, 6], [7, 8, 9, 10, 11, 12, 13, 14, 15, 16, 17, 18, 19, 20]]
L10n42: [[1, 2, 3, 4, 5, 6], [7, 8, 9, 10, 11, 12, 13, 14, 15, 16, 17, 18, 19, 20]]
L10n43: [[1, 2, 3, 4, 5, 6], [7, 8, 9, 10, 11, 12, 13, 14, 15, 16, 17, 18, 19, 20]]
L10n44: [[1, 2, 3, 4, 5, 6], [7, 8, 9, 10, 11, 12, 13, 14, 15, 16, 17, 18, 19, 20]]
L10n45: [[1, 2, 3, 4, 5, 6], [7, 8, 9, 10, 11, 12, 13, 14, 15, 16, 17, 18, 19, 20]]
L10n46: [[1, 2, 3, 4, 5, 6], [7, 8, 9, 10, 11, 12, 13, 14, 15, 16, 17, 18, 19, 20]]
L10n47: [[1, 2, 3, 4, 5, 6], [7, 8, 9, 10, 11, 12, 13, 14, 15, 16, 17, 18, 19, 20]]
L10n48: [[1, 2, 3, 4, 5, 6], [7, 8, 9, 10, 11, 12, 13, 14, 15, 16, 17, 18, 19, 20]]
L10n49: [[1, 2, 3, 4, 5, 6], [7, 8, 9, 10, 11, 12, 13, 14, 15, 16, 17, 18, 19, 20]]
L10n50: [[1, 2, 3, 4, 5, 6], [7, 8, 9, 10, 11, 12, 13, 14, 15, 16, 17, 18, 19, 20]]
L10n51: [[1, 2, 3, 4, 5, 6], [7, 8, 9, 10, 11, 12, 13, 14, 15, 16, 17, 18, 19, 20]]
L10n52: [[1, 2, 3, 4, 5, 6], [7, 8, 9, 10, 11, 12, 13, 14, 15, 16, 17, 18, 19, 20]]
L10n53: [[1, 2, 3, 4, 5, 6], [7, 8, 9, 10, 11, 12, 13, 14, 15, 16, 17, 18, 19, 20]]
L10n54: [[1, 2, 3, 4, 5, 6, 7, 8], [9, 10, 11, 12, 13, 14, 15, 16, 17, 18, 19, 20]]
L10n55: [[1, 2, 3, 4, 5, 6, 7, 8], [9, 10, 11, 12, 13, 14, 15, 16, 17, 18, 19, 20]]
L10n56: [[1, 2, 3, 4, 5, 6, 7, 8], [9, 10, 11, 12, 13, 14, 15, 16, 17, 18, 19, 20]]
L10n57: [[1, 2, 3, 4, 5, 6, 7, 8], [9, 10, 11, 12, 13, 14, 15, 16, 17, 18, 19, 20]]
L10n58: [[1, 2, 3, 4, 5, 6, 7, 8, 9, 10], [11, 12, 13, 14, 15, 16, 17, 18, 19, 20]]
L10n59: [[1, 2, 3, 4, 5, 6, 7, 8, 9, 10], [11, 12, 13, 14, 15, 16, 17, 18, 19, 20]]
L10n60: [[1, 2, 3, 4, 5, 6, 7, 8, 9, 10], [11, 12, 13, 14, 15, 16, 17, 18, 19, 20]]
L10n61: [[1, 2, 3, 4, 5, 6, 7, 8, 9, 10], [11, 12, 13, 14, 15, 16, 17, 18, 19, 20]]
L10n62: [[1, 2, 3, 4, 5, 6, 7, 8, 9, 10], [11, 12, 13, 14, 15, 16, 17, 18, 19, 20]]
L10n63: [[1, 2, 3, 4, 5, 6, 7, 8, 9, 10], [11, 12, 13, 14, 15, 16, 17, 18, 19, 20]]
L10n64: [[1, 2, 3, 4, 5, 6, 7, 8, 9, 10], [11, 12, 13, 14, 15, 16, 17, 18, 19, 20]]
L10n65: [[1, 2, 3, 4], [5, 6, 7, 8], [9, 10, 11, 12, 13, 14, 15, 16, 17, 18, 19, 20]]
L10n66: [[1, 2, 3, 4], [5, 6, 7, 8], [9, 10, 11, 12, 13, 14, 15, 16, 17, 18, 19, 20]]
L10n67: [[1, 2, 3, 4], [5, 6, 7, 8], [9, 10, 11, 12, 13, 14, 15, 16, 17, 18, 19, 20]]
L10n68: [[1, 2, 3, 4], [5, 6, 7, 8, 9, 10], [11, 12, 13, 14, 15, 16, 17, 18, 19, 20]]
L10n69: [[1, 2, 3, 4], [5, 6, 7, 8, 9, 10], [11, 12, 13, 14, 15, 16, 17, 18, 19, 20]]
L10n70: [[1, 2, 3, 4], [5, 6, 7, 8, 9, 10], [11, 12, 13, 14, 15, 16, 17, 18, 19, 20]]
L10n71: [[1, 2, 3, 4], [5, 6, 7, 8, 9, 10], [11, 12, 13, 14, 15, 16, 17, 18, 19, 20]]
L10n72: [[1, 2, 3, 4], [5, 6, 7, 8, 9, 10], [11, 12, 13, 14, 15, 16, 17, 18, 19, 20]]
L10n73: [[1, 2, 3, 4], [5, 6, 7, 8, 9, 10], [11, 12, 13, 14, 15, 16, 17, 18, 19, 20]]
L10n74: [[1, 2, 3, 4], [5, 6, 7, 8, 9, 10, 11, 12], [13, 14, 15, 16, 17, 18, 19, 20]]
L10n75: [[1, 2, 3, 4], [5, 6, 7, 8, 9, 10, 11, 12], [13, 14, 15, 16, 17, 18, 19, 20]]
L10n76: [[1, 2, 3, 4], [5, 6, 7, 8, 9, 10, 11, 12], [13, 14, 15, 16, 17, 18, 19, 20]]
L10n77: [[1, 2, 3, 4], [5, 6, 7, 8, 9, 10, 11, 12], [13, 14, 15, 16, 17, 18, 19, 20]]
L10n78: [[1, 2, 3, 4], [5, 6, 7, 8, 9, 10, 11, 12], [13, 14, 15, 16, 17, 18, 19, 20]]
L10n79: [[1, 2, 3, 4], [5, 6, 7, 8, 9, 10, 11, 12], [13, 14, 15, 16, 17, 18, 19, 20]]
L10n80: [[1, 2, 3, 4], [5, 6, 7, 8, 9, 10, 11, 12], [13, 14, 15, 16, 17, 18, 19, 20]]
L10n81: [[1, 2, 3, 4], [5, 6, 7, 8, 9, 10, 11, 12], [13, 14, 15, 16, 17, 18, 19, 20]]
L10n82: [[1, 2, 3, 4], [5, 6, 7, 8, 9, 10, 11, 12], [13, 14, 15, 16, 17, 18, 19, 20]]
L10n83: [[1, 2, 3, 4], [5, 6, 7, 8, 9, 10, 11, 12, 13, 14], [15, 16, 17, 18, 19, 20]]
L10n84: [[1, 2, 3, 4], [5, 6, 7, 8, 9, 10, 11, 12, 13, 14], [15, 16, 17, 18, 19, 20]]
L10n85: [[1, 2, 3, 4], [5, 6, 7, 8, 9, 10, 11, 12, 13, 14], [15, 16, 17, 18, 19, 20]]
L10n86: [[1, 2, 3, 4], [5, 6, 7, 8, 9, 10, 11, 12, 13, 14], [15, 16, 17, 18, 19, 20]]
L10n87: [[1, 2, 3, 4], [5, 6, 7, 8, 9, 10, 11, 12, 13, 14], [15, 16, 17, 18, 19, 20]]
L10n88: [[1, 2, 3, 4], [5, 6, 7, 8, 9, 10, 11, 12, 13, 14, 15, 16], [17, 18, 19, 20]]
L10n89: [[1, 2, 3, 4], [5, 6, 7, 8, 9, 10, 11, 12, 13, 14, 15, 16], [17, 18, 19, 20]]
L10n90: [[1, 2, 3, 4], [5, 6, 7, 8, 9, 10, 11, 12, 13, 14, 15, 16], [17, 18, 19, 20]]
L10n91: [[1, 2, 3, 4], [5, 6, 7, 8, 9, 10, 11, 12, 13, 14, 15, 16], [17, 18, 19, 20]]
L10n92: [[1, 2, 3, 4, 5, 6], [7, 8, 9, 10, 11, 12], [13, 14, 15, 16, 17, 18, 19, 20]]
L10n93: [[1, 2, 3, 4, 5, 6], [7, 8, 9, 10, 11, 12], [13, 14, 15, 16, 17, 18, 19, 20]]
L10n94: [[1, 2, 3, 4, 5, 6], [7, 8, 9, 10, 11, 12], [13, 14, 15, 16, 17, 18, 19, 20]]
L10n95: [[1, 2, 3, 4, 5, 6], [7, 8, 9, 10, 11, 12], [13, 14, 15, 16, 17, 18, 19, 20]]
L10n96: [[1, 2, 3, 4], [5, 6, 7, 8], [9, 10, 11, 12, 13, 14], [15, 16, 17, 18, 19, 20]]
L10n97: [[1, 2, 3, 4], [5, 6, 7, 8], [9, 10, 11, 12, 13, 14], [15, 16, 17, 18, 19, 20]]
L10n98: [[1, 2, 3, 4], [5, 6, 7, 8], [9, 10, 11, 12, 13, 14], [15, 16, 17, 18, 19, 20]]
L10n99: [[1, 2, 3, 4], [5, 6, 7, 8], [9, 10, 11, 12, 13, 14, 15, 16], [17, 18, 19, 20]]
L10n100: [[1, 2, 3, 4], [5, 6, 7, 8], [9, 10, 11, 12, 13, 14, 15, 16], [17, 18, 19, 20]]
L10n101: [[1, 2, 3, 4], [5, 6, 7, 8], [9, 10, 11, 12, 13, 14, 15, 16], [17, 18, 19, 20]]
L10n102: [[1, 2, 3, 4], [5, 6, 7, 8], [9, 10, 11, 12, 13, 14, 15, 16], [17, 18, 19, 20]]
L10n103: [[1, 2, 3, 4], [5, 6, 7, 8], [9, 10, 11, 12, 13, 14, 15, 16], [17, 18, 19, 20]]
L10n104: [[1, 2, 3, 4], [5, 6, 7, 8, 9, 10], [11, 12, 13, 14], [15, 16, 17, 18, 19, 20]]
L10n105: [[1, 2, 3, 4], [5, 6, 7, 8, 9, 10], [11, 12, 13, 14], [15, 16, 17, 18, 19, 20]]
L10n106: [[1, 2, 3, 4], [5, 6, 7, 8, 9, 10], [11, 12, 13, 14], [15, 16, 17, 18, 19, 20]]
L10n107: [[1, 2, 3, 4], [5, 6, 7, 8, 9, 10], [11, 12, 13, 14], [15, 16, 17, 18, 19, 20]]
L10n108: [[1, 2, 3, 4], [5, 6, 7, 8, 9, 10], [11, 12, 13, 14], [15, 16, 17, 18, 19, 20]]
L10n109: [[1, 2, 3, 4], [5, 6, 7, 8, 9, 10], [11, 12, 13, 14], [15, 16, 17, 18, 19, 20]]
L10n110: [[1, 2, 3, 4], [5, 6, 7, 8, 9, 10], [11, 12, 13, 14, 15, 16], [17, 18, 19, 20]]
L10n111: [[1, 2, 3, 4], [5, 6, 7, 8, 9, 10], [11, 12, 13, 14, 15, 16], [17, 18, 19, 20]]
L10n112: [[1, 2, 3, 4], [5, 6, 7, 8], [9, 10, 11, 12], [13, 14, 15, 16], [17, 18, 19, 20]]
L10n113: [[1, 2, 3, 4], [5, 6, 7, 8], [9, 10, 11, 12], [13, 14, 15, 16], [17, 18, 19, 20]]
