mL2a1: [[1, 2], [3, 4]]
mL4a1: [[1, 2, 3, 4], [5, 6, 7, 8]]
mL5a1: [[1, 2, 3, 4], [5, 6, 7, 8, 9, 10]]
mL6a1: [[1, 2, 3, 4], [5, 6, 7, 8, 9, 10, 11, 12]]
mL6a2: [[1, 2, 3, 4, 5, 6], [7, 8, 9, 10, 11, 12]]
mL6a3: [[1, 2, 3, 4, 5, 6], [7, 8, 9, 10, 11, 12]]
mL6a4: [[1, 2, 3, 4], [5, 6, 7, 8], [9, 10, 11, 12]]
mL6a5: [[1, 2, 3, 4], [5, 6, 7, 8], [9, 10, 11, 12]]
mL6n1: [[1, 2, 3, 4], [5, 6, 7, 8], [9, 10, 11, 12]]
mL7a1: [[1, 2, 3, 4], [5, 6, 7, 8, 9, 10, 11, 12, 13, 14]]
mL7a2: [[1, 2, 3, 4], [5, 6, 7, 8, 9, 10, 11, 12, 13, 14]]
mL7a3: [[1, 2, 3, 4], [5, 6, 7, 8, 9, 10, 11, 12, 13, 14]]
mL7a4: [[1, 2, 3, 4], [5, 6, 7, 8, 9, 10, 11, 12, 13, 14]]
mL7a5: [[1, 2, 3, 4, 5, 6], [7, 8, 9, 10, 11, 12, 13, 14]]
mL7a6: [[1, 2, 3, 4, 5, 6], [7, 8, 9, 10, 11, 12, 13, 14]]
mL7a7: [[1, 2, 3, 4], [5, 6, 7, 8], [9, 10, 11, 12, 13, 14]]
mL7n1: [[1, 2, 3, 4], [5, 6, 7, 8, 9, 10, 11, 12, 13, 14]]
mL7n2: [[1, 2, 3, 4], [5, 6, 7, 8, 9, 10, 11, 12, 13, 14]]
mL8a1: [[1, 2, 3, 4], [5, 6, 7, 8, 9, 10, 11, 12, 13, 14, 15, 16]]
mL8a2: [[1, 2, 3, 4], [5, 6, 7, 8, 9, 10, 11, 12, 13, 14, 15, 16]]
mL8a3: [[1, 2, 3, 4], [5, 6, 7, 8, 9, 10, 11, 12, 13, 14, 15, 16]]
mL8a4: [[1, 2, 3, 4], [5, 6, 7, 8, 9, 10, 11, 12, 13, 14, 15, 16]]
mL8a5: [[1, 2, 3, 4], [5, 6, 7, 8, 9, 10, 11, 12, 13, 14, 15, 16]]
mL8a6: [[1, 2, 3, 4], [5, 6, 7, 8, 9, 10, 11, 12, 13, 14, 15, 16]]
mL8a7: [[1, 2, 3, 4], [5, 6, 7, 8, 9, 10, 11, 12, 13, 14, 15, 16]]
mL8a8: [[1, 2, 3, 4, 5, 6], [7, 8, 9, 10, 11, 12, 13, 14, 15, 16]]
mL8a9: [[1, 2, 3, 4, 5, 6], [7, 8, 9, 10, 11, 12, 13, 14, 15, 16]]
mL8a10: [[1, 2, 3, 4, 5, 6], [7, 8, 9, 10, 11, 12, 13, 14, 15, 16]]
mL8a11: [[1, 2, 3, 4, 5, 6], [7, 8, 9, 10, 11, 12, 13, 14, 15, 16]]
mL8a12: [[1, 2, 3, 4, 5, 6, 7, 8], [9, 10, 11, 12, 13, 14, 15, 16]]
mL8a13: [[1, 2, 3, 4, 5, 6, 7, 8], [9, 10, 11, 12, 13, 14, 15, 16]]
mL8a14: [[1, 2, 3, 4, 5, 6, 7, 8], [9, 10, 11, 12, 13, 14, 15, 16]]
mL8a15: [[1, 2, 3, 4], [5, 6, 7, 8], [9, 10, 11, 12, 13, 14, 15, 16]]
mL8a16: [[1, 2, 3, 4], [5, 6, 7, 8, 9, 10], [11, 12, 13, 14, 15, 16]]
mL8a17: [[1, 2, 3, 4], [5, 6, 7, 8, 9, 10], [11, 12, 13, 14, 15, 16]]
mL8a18: [[1, 2, 3, 4], [5, 6, 7, 8, 9, 10], [11, 12, 13, 14, 15, 16]]
mL8a19: [[1, 2, 3, 4], [5, 6, 7, 8, 9, 10], [11, 12, 13, 14, 15, 16]]
mL8a20: [[1, 2, 3, 4], [5, 6, 7, 8, 9, 10, 11, 12], [13, 14, 15, 16]]
mL8a21: [[1, 2, 3, 4], [5, 6, 7, 8], [9, 10, 11, 12], [13, 14, 15, 16]]
mL8n1: [[1, 2, 3, 4], [5, 6, 7, 8, 9, 10, 11, 12, 13, 14, 15, 16]]
mL8n2: [[1, 2, 3, 4], [5, 6, 7, 8, 9, 10, 11, 12, 13, 14, 15, 16]]
mL8n3: [[1, 2, 3, 4], [5, 6, 7, 8, 9, 10], [11, 12, 13, 14, 15, 16]]
mL8n4: [[1, 2, 3, 4], [5, 6, 7, 8, 9, 10], [11, 12, 13, 14, 15, 16]]
mL8n5: [[1, 2, 3, 4], [5, 6, 7, 8, 9, 10], [11, 12, 13, 14, 15, 16]]
mL8n6: [[1, 2, 3, 4], [5, 6, 7, 8, 9, 10, 11, 12], [13, 14, 15, 16]]
mL8n7: [[1, 2, 3, 4], [5, 6, 7, 8], [9, 10, 11, 12], [13, 14, 15, 16]]
mL8n8: [[1, 2, 3, 4], [5, 6, 7, 8], [9, 10, 11, 12], [13, 14, 15, 16]]
mL9a1: [[1, 2, 3, 4], [5, 6, 7, 8, 9, 10, 11, 12, 13, 14, 15, 16, 17, 18]]
mL9a2: [[1, 2, 3, 4], [5, 6, 7, 8, 9, 10, 11, 12, 13, 14, 15, 16, 17, 18]]
mL9a3: [[1, 2, 3, 4], [5, 6, 7, 8, 9, 10, 11, 12, 13, 14, 15, 16, 17, 18]]
mL9a4: [[1, 2, 3, 4], [5, 6, 7, 8, 9, 10, 11, 12, 13, 14, 15, 16, 17, 18]]
mL9a5: [[1, 2, 3, 4], [5, 6, 7, 8, 9, 10, 11, 12, 13, 14, 15, 16, 17, 18]]
mL9a6: [[1, 2, 3, 4], [5, 6, 7, 8, 9, 10, 11, 12, 13, 14, 15, 16, 17, 18]]
mL9a7: [[1, 2, 3, 4], [5, 6, 7, 8, 9, 10, 11, 12, 13, 14, 15, 16, 17, 18]]
mL9a8: [[1, 2, 3, 4], [5, 6, 7, 8, 9, 10, 11, 12, 13, 14, 15, 16, 17, 18]]
mL9a9: [[1, 2, 3, 4], [5, 6, 7, 8, 9, 10, 11, 12, 13, 14, 15, 16, 17, 18]]
mL9a10: [[1, 2, 3, 4], [5, 6, 7, 8, 9, 10, 11, 12, 13, 14, 15, 16, 17, 18]]
mL9a11: [[1, 2, 3, 4], [5, 6, 7, 8, 9, 10, 11, 12, 13, 14, 15, 16, 17, 18]]
mL9a12: [[1, 2, 3, 4], [5, 6, 7, 8, 9, 10, 11, 12, 13, 14, 15, 16, 17, 18]]
mL9a13: [[1, 2, 3, 4], [5, 6, 7, 8, 9, 10, 11, 12, 13, 14, 15, 16, 17, 18]]
mL9a14: [[1, 2, 3, 4], [5, 6, 7, 8, 9, 10, 11, 12, 13, 14, 15, 16, 17, 18]]
mL9a15: [[1, 2, 3, 4], [5, 6, 7, 8, 9, 10, 11, 12, 13, 14, 15, 16, 17, 18]]
mL9a16: [[1, 2, 3, 4], [5, 6, 7, 8, 9, 10, 11, 12, 13, 14, 15, 16, 17, 18]]
mL9a17: [[1, 2, 3, 4], [5, 6, 7, 8, 9, 10, 11, 12, 13, 14, 15, 16, 17, 18]]
mL9a18: [[1, 2, 3, 4], [5, 6, 7, 8, 9, 10, 11, 12, 13, 14, 15, 16, 17, 18]]
mL9a19: [[1, 2, 3, 4], [5, 6, 7, 8, 9, 10, 11, 12, 13, 14, 15, 16, 17, 18]]
mL9a20: [[1, 2, 3, 4, 5, 6], [7, 8, 9, 10, 11, 12, 13, 14, 15, 16, 17, 18]]
mL9a21: [[1, 2, 3, 4, 5, 6], [7, 8, 9, 10, 11, 12, 13, 14, 15, 16, 17, 18]]
mL9a22: [[1, 2, 3, 4, 5, 6], [7, 8, 9, 10, 11, 12, 13, 14, 15, 16, 17, 18]]
mL9a23: [[1, 2, 3, 4, 5, 6], [7, 8, 9, 10, 11, 12, 13, 14, 15, 16, 17, 18]]
mL9a24: [[1, 2, 3, 4, 5, 6], [7, 8, 9, 10, 11, 12, 13, 14, 15, 16, 17, 18]]
mL9a25: [[1, 2, 3, 4, 5, 6], [7, 8, 9, 10, 11, 12, 13, 14, 15, 16, 17, 18]]
mL9a26: [[1, 2, 3, 4, 5, 6], [7, 8, 9, 10, 11, 12, 13, 14, 15, 16, 17, 18]]
mL9a27: [[1, 2, 3, 4, 5, 6], [7, 8, 9, 10, 11, 12, 13, 14, 15, 16, 17, 18]]
mL9a28: [[1, 2, 3, 4, 5, 6], [7, 8, 9, 10, 11, 12, 13, 14, 15, 16, 17, 18]]
mL9a29: [[1, 2, 3, 4, 5, 6], [7, 8, 9, 10, 11, 12, 13, 14, 15, 16, 17, 18]]
mL9a30: [[1, 2, 3, 4, 5, 6], [7, 8, 9, 10, 11, 12, 13, 14, 15, 16, 17, 18]]
mL9a31: [[1, 2, 3, 4, 5, 6], [7, 8, 9, 10, 11, 12, 13, 14, 15, 16, 17, 18]]
mL9a32: [[1, 2, 3, 4, 5, 6], [7, 8, 9, 10, 11, 12, 13, 14, 15, 16, 17, 18]]
mL9a33: [[1, 2, 3, 4, 5, 6], [7, 8, 9, 10, 11, 12, 13, 14, 15, 16, 17, 18]]
mL9a34: [[1, 2, 3, 4, 5, 6, 7, 8], [9, 10, 11, 12, 13, 14, 15, 16, 17, 18]]
mL9a35: [[1, 2, 3, 4, 5, 6, 7, 8], [9, 10, 11, 12, 13, 14, 15, 16, 17, 18]]
mL9a36: [[1, 2, 3, 4, 5, 6, 7, 8], [9, 10, 11, 12, 13, 14, 15, 16, 17, 18]]
mL9a37: [[1, 2, 3, 4, 5, 6, 7, 8], [9, 10, 11, 12, 13, 14, 15, 16, 17, 18]]
mL9a38: [[1, 2, 3, 4, 5, 6, 7, 8], [9, 10, 11, 12, 13, 14, 15, 16, 17, 18]]
mL9a39: [[1, 2, 3, 4, 5, 6, 7, 8], [9, 10, 11, 12, 13, 14, 15, 16, 17, 18]]
mL9a40: [[1, 2, 3, 4, 5, 6, 7, 8], [9, 10, 11, 12, 13, 14, 15, 16, 17, 18]]
mL9a41: [[1, 2, 3, 4, 5, 6, 7, 8], [9, 10, 11, 12, 13, 14, 15, 16, 17, 18]]
mL9a42: [[1, 2, 3, 4, 5, 6, 7, 8], [9, 10, 11, 12, 13, 14, 15, 16, 17, 18]]
mL9a43: [[1, 2, 3, 4], [5, 6, 7, 8], [9, 10, 11, 12, 13, 14, 15, 16, 17, 18]]
mL9a44: [[1, 2, 3, 4], [5, 6, 7, 8], [9, 10, 11, 12, 13, 14, 15, 16, 17, 18]]
mL9a45: [[1, 2, 3, 4], [5, 6, 7, 8], [9, 10, 11, 12, 13, 14, 15, 16, 17, 18]]
mL9a46: [[1, 2, 3, 4], [5, 6, 7, 8, 9, 10], [11, 12, 13, 14, 15, 16, 17, 18]]
mL9a47: [[1, 2, 3, 4], [5, 6, 7, 8, 9, 10], [11, 12, 13, 14, 15, 16, 17, 18]]
mL9a48: [[1, 2, 3, 4], [5, 6, 7, 8, 9, 10], [11, 12, 13, 14, 15, 16, 17, 18]]
mL9a49: [[1, 2, 3, 4], [5, 6, 7, 8, 9, 10], [11, 12, 13, 14, 15, 16, 17, 18]]
mL9a50: [[1, 2, 3, 4], [5, 6, 7, 8, 9, 10], [11, 12, 13, 14, 15, 16, 17, 18]]
mL9a51: [[1, 2, 3, 4], [5, 6, 7, 8, 9, 10], [11, 12, 13, 14, 15, 16, 17, 18]]
mL9a52: [[1, 2, 3, 4], [5, 6, 7, 8, 9, 10, 11, 12], [13, 14, 15, 16, 17, 18]]
mL9a53: [[1, 2, 3, 4], [5, 6, 7, 8, 9, 10, 11, 12, 13, 14], [15, 16, 17, 18]]
mL9a54: [[1, 2, 3, 4], [5, 6, 7, 8, 9, 10, 11, 12, 13, 14], [15, 16, 17, 18]]
mL9a55: [[1, 2, 3, 4], [5, 6, 7, 8], [9, 10, 11, 12], [13, 14, 15, 16, 17, 18]]
mL9n1: [[1, 2, 3, 4], [5, 6, 7, 8, 9, 10, 11, 12, 13, 14, 15, 16, 17, 18]]
mL9n2: [[1, 2, 3, 4], [5, 6, 7, 8, 9, 10, 11, 12, 13, 14, 15, 16, 17, 18]]
mL9n3: [[1, 2, 3, 4], [5, 6, 7, 8, 9, 10, 11, 12, 13, 14, 15, 16, 17, 18]]
mL9n4: [[1, 2, 3, 4], [5, 6, 7, 8, 9, 10, 11, 12, 13, 14, 15, 16, 17, 18]]
mL9n5: [[1, 2, 3, 4], [5, 6, 7, 8, 9, 10, 11, 12, 13, 14, 15, 16, 17, 18]]
mL9n6: [[1, 2, 3, 4], [5, 6, 7, 8, 9, 10, 11, 12, 13, 14, 15, 16, 17, 18]]
mL9n7: [[1, 2, 3, 4], [5, 6, 7, 8, 9, 10, 11, 12, 13, 14, 15, 16, 17, 18]]
mL9n8: [[1, 2, 3, 4], [5, 6, 7, 8, 9, 10, 11, 12, 13, 14, 15, 16, 17, 18]]
mL9n9: [[1, 2, 3, 4], [5, 6, 7, 8, 9, 10, 11, 12, 13, 14, 15, 16, 17, 18]]
mL9n10: [[1, 2, 3, 4], [5, 6, 7, 8, 9, 10, 11, 12, 13, 14, 15, 16, 17, 18]]
mL9n11: [[1, 2, 3, 4], [5, 6, 7, 8, 9, 10, 11, 12, 13, 14, 15, 16, 17, 18]]
mL9n12: [[1, 2, 3, 4], [5, 6, 7, 8, 9, 10, 11, 12, 13, 14, 15, 16, 17, 18]]
mL9n13: [[1, 2, 3, 4, 5, 6], [7, 8, 9, 10, 11, 12, 13, 14, 15, 16, 17, 18]]
mL9n14: [[1, 2, 3, 4, 5, 6], [7, 8, 9, 10, 11, 12, 13, 14, 15, 16, 17, 18]]
mL9n15: [[1, 2, 3, 4, 5, 6], [7, 8, 9, 10, 11, 12, 13, 14, 15, 16, 17, 18]]
mL9n16: [[1, 2, 3, 4, 5, 6], [7, 8, 9, 10, 11, 12, 13, 14, 15, 16, 17, 18]]
mL9n17: [[1, 2, 3, 4, 5, 6], [7, 8, 9, 10, 11, 12, 13, 14, 15, 16, 17, 18]]
mL9n18: [[1, 2, 3, 4, 5, 6, 7, 8], [9, 10, 11, 12, 13, 14, 15, 16, 17, 18]]
mL9n19: [[1, 2, 3, 4, 5, 6, 7, 8], [9, 10, 11, 12, 13, 14, 15, 16, 17, 18]]
mL9n20: [[1, 2, 3, 4], [5, 6, 7, 8], [9, 10, 11, 12, 13, 14, 15, 16, 17, 18]]
mL9n21: [[1, 2, 3, 4], [5, 6, 7, 8], [9, 10, 11, 12, 13, 14, 15, 16, 17, 18]]
mL9n22: [[1, 2, 3, 4], [5, 6, 7, 8], [9, 10, 11, 12, 13, 14, 15, 16, 17, 18]]
mL9n23: [[1, 2, 3, 4], [5, 6, 7, 8, 9, 10], [11, 12, 13, 14, 15, 16, 17, 18]]
mL9n24: [[1, 2, 3, 4], [5, 6, 7, 8, 9, 10], [11, 12, 13, 14, 15, 16, 17, 18]]
mL9n25: [[1, 2, 3, 4], [5, 6, 7, 8, 9, 10], [11, 12, 13, 14, 15, 16, 17, 18]]
mL9n26: [[1, 2, 3, 4], [5, 6, 7, 8, 9, 10, 11, 12], [13, 14, 15, 16, 17, 18]]
mL9n27: [[1, 2, 3, 4], [5, 6, 7, 8, 9, 10, 11, 12, 13, 14], [15, 16, 17, 18]]
mL9n28: [[1, 2, 3, 4], [5, 6, 7, 8, 9, 10, 11, 12, 13, 14], [15, 16, 17, 18]]
mL10a1: [[1, 2, 3, 4], [5, 6, 7, 8, 9, 10, 11, 12, 13, 14, 15, 16, 17, 18, 19, 20]]
mL10a2: [[1, 2, 3, 4], [5, 6, 7, 8, 9, 10, 11, 12, 13, 14, 15, 16, 17, 18, 19, 20]]
mL10a3: [[1, 2, 3, 4], [5, 6, 7, 8, 9, 10, 11, 12, 13, 14, 15, 16, 17, 18, 19, 20]]
mL10a4: [[1, 2, 3, 4], [5, 6, 7, 8, 9, 10, 11, 12, 13, 14, 15, 16, 17, 18, 19, 20]]
mL10a5: [[1, 2, 3, 4], [5, 6, 7, 8, 9, 10, 11, 12, 13, 14, 15, 16, 17, 18, 19, 20]]
mL10a6: [[1, 2, 3, 4], [5, 6, 7, 8, 9, 10, 11, 12, 13, 14, 15, 16, 17, 18, 19, 20]]
mL10a7: [[1, 2, 3, 4], [5, 6, 7, 8, 9, 10, 11, 12, 13, 14, 15, 16, 17, 18, 19, 20]]
mL10a8: [[1, 2, 3, 4], [5, 6, 7, 8, 9, 10, 11, 12, 13, 14, 15, 16, 17, 18, 19, 20]]
mL10a9: [[1, 2, 3, 4], [5, 6, 7, 8, 9, 10, 11, 12, 13, 14, 15, 16, 17, 18, 19, 20]]
mL10a10: [[1, 2, 3, 4], [5, 6, 7, 8, 9, 10, 11, 12, 13, 14, 15, 16, 17, 18, 19, 20]]
mL10a11: [[1, 2, 3, 4], [5, 6, 7, 8, 9, 10, 11, 12, 13, 14, 15, 16, 17, 18, 19, 20]]
mL10a12: [[1, 2, 3, 4], [5, 6, 7, 8, 9, 10, 11, 12, 13, 14, 15, 16, 17, 18, 19, 20]]
mL10a13: [[1, 2, 3, 4], [5, 6, 7, 8, 9, 10, 11, 12, 13, 14, 15, 16, 17, 18, 19, 20]]
mL10a14: [[1, 2, 3, 4], [5, 6, 7, 8, 9, 10, 11, 12, 13, 14, 15, 16, 17, 18, 19, 20]]
mL10a15: [[1, 2, 3, 4], [5, 6, 7, 8, 9, 10, 11, 12, 13, 14, 15, 16, 17, 18, 19, 20]]
mL10a16: [[1, 2, 3, 4], [5, 6, 7, 8, 9, 10, 11, 12, 13, 14, 15, 16, 17, 18, 19, 20]]
mL10a17: [[1, 2, 3, 4], [5, 6, 7, 8, 9, 10, 11, 12, 13, 14, 15, 16, 17, 18, 19, 20]]
mL10a18: [[1, 2, 3, 4], [5, 6, 7, 8, 9, 10, 11, 12, 13, 14, 15, 16, 17, 18, 19, 20]]
mL10a19: [[1, 2, 3, 4], [5, 6, 7, 8, 9, 10, 11, 12, 13, 14, 15, 16, 17, 18, 19, 20]]
mL10a20: [[1, 2, 3, 4], [5, 6, 7, 8, 9, 10, 11, 12, 13, 14, 15, 16, 17, 18, 19, 20]]
mL10a21: [[1, 2, 3, 4], [5, 6, 7, 8, 9, 10, 11, 12, 13, 14, 15, 16, 17, 18, 19, 20]]
mL10a22: [[1, 2, 3, 4], [5, 6, 7, 8, 9, 10, 11, 12, 13, 14, 15, 16, 17, 18, 19, 20]]
mL10a23: [[1, 2, 3, 4], [5, 6, 7, 8, 9, 10, 11, 12, 13, 14, 15, 16, 17, 18, 19, 20]]
mL10a24: [[1, 2, 3, 4], [5, 6, 7, 8, 9, 10, 11, 12, 13, 14, 15, 16, 17, 18, 19, 20]]
mL10a25: [[1, 2, 3, 4], [5, 6, 7, 8, 9, 10, 11, 12, 13, 14, 15, 16, 17, 18, 19, 20]]
mL10a26: [[1, 2, 3, 4], [5, 6, 7, 8, 9, 10, 11, 12, 13, 14, 15, 16, 17, 18, 19, 20]]
mL10a27: [[1, 2, 3, 4], [5, 6, 7, 8, 9, 10, 11, 12, 13, 14, 15, 16, 17, 18, 19, 20]]
mL10a28: [[1, 2, 3, 4], [5, 6, 7, 8, 9, 10, 11, 12, 13, 14, 15, 16, 17, 18, 19, 20]]
mL10a29: [[1, 2, 3, 4], [5, 6, 7, 8, 9, 10, 11, 12, 13, 14, 15, 16, 17, 18, 19, 20]]
mL10a30: [[1, 2, 3, 4], [5, 6, 7, 8, 9, 10, 11, 12, 13, 14, 15, 16, 17, 18, 19, 20]]
mL10a31: [[1, 2, 3, 4], [5, 6, 7, 8, 9, 10, 11, 12, 13, 14, 15, 16, 17, 18, 19, 20]]
mL10a32: [[1, 2, 3, 4], [5, 6, 7, 8, 9, 10, 11, 12, 13, 14, 15, 16, 17, 18, 19, 20]]
mL10a33: [[1, 2, 3, 4], [5, 6, 7, 8, 9, 10, 11, 12, 13, 14, 15, 16, 17, 18, 19, 20]]
mL10a34: [[1, 2, 3, 4], [5, 6, 7, 8, 9, 10, 11, 12, 13, 14, 15, 16, 17, 18, 19, 20]]
mL10a35: [[1, 2, 3, 4], [5, 6, 7, 8, 9, 10, 11, 12, 13, 14, 15, 16, 17, 18, 19, 20]]
mL10a36: [[1, 2, 3, 4], [5, 6, 7, 8, 9, 10, 11, 12, 13, 14, 15, 16, 17, 18, 19, 20]]
mL10a37: [[1, 2, 3, 4], [5, 6, 7, 8, 9, 10, 11, 12, 13, 14, 15, 16, 17, 18, 19, 20]]
mL10a38: [[1, 2, 3, 4], [5, 6, 7, 8, 9, 10, 11, 12, 13, 14, 15, 16, 17, 18, 19, 20]]
mL10a39: [[1, 2, 3, 4], [5, 6, 7, 8, 9, 10, 11, 12, 13, 14, 15, 16, 17, 18, 19, 20]]
mL10a40: [[1, 2, 3, 4], [5, 6, 7, 8, 9, 10, 11, 12, 13, 14, 15, 16, 17, 18, 19, 20]]
mL10a41: [[1, 2, 3, 4], [5, 6, 7, 8, 9, 10, 11, 12, 13, 14, 15, 16, 17, 18, 19, 20]]
mL10a42: [[1, 2, 3, 4], [5, 6, 7, 8, 9, 10, 11, 12, 13, 14, 15, 16, 17, 18, 19, 20]]
mL10a43: [[1, 2, 3, 4], [5, 6, 7, 8, 9, 10, 11, 12, 13, 14, 15, 16, 17, 18, 19, 20]]
mL10a44: [[1, 2, 3, 4], [5, 6, 7, 8, 9, 10, 11, 12, 13, 14, 15, 16, 17, 18, 19, 20]]
mL10a45: [[1, 2, 3, 4], [5, 6, 7, 8, 9, 10, 11, 12, 13, 14, 15, 16, 17, 18, 19, 20]]
mL10a46: [[1, 2, 3, 4], [5, 6, 7, 8, 9, 10, 11, 12, 13, 14, 15, 16, 17, 18, 19, 20]]
mL10a47: [[1, 2, 3, 4], [5, 6, 7, 8, 9, 10, 11, 12, 13, 14, 15, 16, 17, 18, 19, 20]]
mL10a48: [[1, 2, 3, 4], [5, 6, 7, 8, 9, 10, 11, 12, 13, 14, 15, 16, 17, 18, 19, 20]]
mL10a49: [[1, 2, 3, 4], [5, 6, 7, 8, 9, 10, 11, 12, 13, 14, 15, 16, 17, 18, 19, 20]]
mL10a50: [[1, 2, 3, 4], [5, 6, 7, 8, 9, 10, 11, 12, 13, 14, 15, 16, 17, 18, 19, 20]]
mL10a51: [[1, 2, 3, 4, 5, 6], [7, 8, 9, 10, 11, 12, 13, 14, 15, 16, 17, 18, 19, 20]]
mL10a52: [[1, 2, 3, 4, 5, 6], [7, 8, 9, 10, 11, 12, 13, 14, 15, 16, 17, 18, 19, 20]]
mL10a53: [[1, 2, 3, 4, 5, 6], [7, 8, 9, 10, 11, 12, 13, 14, 15, 16, 17, 18, 19, 20]]
mL10a54: [[1, 2, 3, 4, 5, 6], [7, 8, 9, 10, 11, 12, 13, 14, 15, 16, 17, 18, 19, 20]]
mL10a55: [[1, 2, 3, 4, 5, 6], [7, 8, 9, 10, 11, 12, 13, 14, 15, 16, 17, 18, 19, 20]]
mL10a56: [[1, 2, 3, 4, 5, 6], [7, 8, 9, 10, 11, 12, 13, 14, 15, 16, 17, 18, 19, 20]]
mL10a57: [[1, 2, 3, 4, 5, 6], [7, 8, 9, 10, 11, 12, 13, 14, 15, 16, 17, 18, 19, 20]]
mL10a58: [[1, 2, 3, 4, 5, 6], [7, 8, 9, 10, 11, 12, 13, 14, 15, 16, 17, 18, 19, 20]]
mL10a59: [[1, 2, 3, 4, 5, 6], [7, 8, 9, 10, 11, 12, 13, 14, 15, 16, 17, 18, 19, 20]]
mL10a60: [[1, 2, 3, 4, 5, 6], [7, 8, 9, 10, 11, 12, 13, 14, 15, 16, 17, 18, 19, 20]]
mL10a61: [[1, 2, 3, 4, 5, 6], [7, 8, 9, 10, 11, 12, 13, 14, 15, 16, 17, 18, 19, 20]]
mL10a62: [[1, 2, 3, 4, 5, 6], [7, 8, 9, 10, 11, 12, 13, 14, 15, 16, 17, 18, 19, 20]]
mL10a63: [[1, 2, 3, 4, 5, 6], [7, 8, 9, 10, 11, 12, 13, 14, 15, 16, 17, 18, 19, 20]]
mL10a64: [[1, 2, 3, 4, 5, 6], [7, 8, 9, 10, 11, 12, 13, 14, 15, 16, 17, 18, 19, 20]]
mL10a65: [[1, 2, 3, 4, 5, 6], [7, 8, 9, 10, 11, 12, 13, 14, 15, 16, 17, 18, 19, 20]]
mL10a66: [[1, 2, 3, 4, 5, 6], [7, 8, 9, 10, 11, 12, 13, 14, 15, 16, 17, 18, 19, 20]]
mL10a67: [[1, 2, 3, 4, 5, 6], [7, 8, 9, 10, 11, 12, 13, 14, 15, 16, 17, 18, 19, 20]]
mL10a68: [[1, 2, 3, 4, 5, 6], [7, 8, 9, 10, 11, 12, 13, 14, 15, 16, 17, 18, 19, 20]]
mL10a69: [[1, 2, 3, 4, 5, 6], [7, 8, 9, 10, 11, 12, 13, 14, 15, 16, 17, 18, 19, 20]]
mL10a70: [[1, 2, 3, 4, 5, 6], [7, 8, 9, 10, 11, 12, 13, 14, 15, 16, 17, 18, 19, 20]]
mL10a71: [[1, 2, 3, 4, 5, 6], [7, 8, 9, 10, 11, 12, 13, 14, 15, 16, 17, 18, 19, 20]]
mL10a72: [[1, 2, 3, 4, 5, 6], [7, 8, 9, 10, 11, 12, 13, 14, 15, 16, 17, 18, 19, 20]]
mL10a73: [[1, 2, 3, 4, 5, 6], [7, 8, 9, 10, 11, 12, 13, 14, 15, 16, 17, 18, 19, 20]]
mL10a74: [[1, 2, 3, 4, 5, 6], [7, 8, 9, 10, 11, 12, 13, 14, 15, 16, 17, 18, 19, 20]]
mL10a75: [[1, 2, 3, 4, 5, 6], [7, 8, 9, 10, 11, 12, 13, 14, 15, 16, 17, 18, 19, 20]]
mL10a76: [[1, 2, 3, 4, 5, 6], [7, 8, 9, 10, 11, 12, 13, 14, 15, 16, 17, 18, 19, 20]]
mL10a77: [[1, 2, 3, 4, 5, 6], [7, 8, 9, 10, 11, 12, 13, 14, 15, 16, 17, 18, 19, 20]]
mL10a78: [[1, 2, 3, 4, 5, 6], [7, 8, 9, 10, 11, 12, 13, 14, 15, 16, 17, 18, 19, 20]]
mL10a79: [[1, 2, 3, 4, 5, 6], [7, 8, 9, 10, 11, 12, 13, 14, 15, 16, 17, 18, 19, 20]]
mL10a80: [[1, 2, 3, 4, 5, 6], [7, 8, 9, 10, 11, 12, 13, 14, 15, 16, 17, 18, 19, 20]]
mL10a81: [[1, 2, 3, 4, 5, 6], [7, 8, 9, 10, 11, 12, 13, 14, 15, 16, 17, 18, 19, 20]]
mL10a82: [[1, 2, 3, 4, 5, 6], [7, 8, 9, 10, 11, 12, 13, 14, 15, 16, 17, 18, 19, 20]]
mL10a83: [[1, 2, 3, 4, 5, 6], [7, 8, 9, 10, 11, 12, 13, 14, 15, 16, 17, 18, 19, 20]]
mL10a84: [[1, 2, 3, 4, 5, 6], [7, 8, 9, 10, 11, 12, 13, 14, 15, 16, 17, 18, 19, 20]]
mL10a85: [[1, 2, 3, 4, 5, 6], [7, 8, 9, 10, 11, 12, 13, 14, 15, 16, 17, 18, 19, 20]]
mL10a86: [[1, 2, 3, 4, 5, 6], [7, 8, 9, 10, 11, 12, 13, 14, 15, 16, 17, 18, 19, 20]]
mL10a87: [[1, 2, 3, 4, 5, 6], [7, 8, 9, 10, 11, 12, 13, 14, 15, 16, 17, 18, 19, 20]]
mL10a88: [[1, 2, 3, 4, 5, 6, 7, 8], [9, 10, 11, 12, 13, 14, 15, 16, 17, 18, 19, 20]]
mL10a89: [[1, 2, 3, 4, 5, 6, 7, 8], [9, 10, 11, 12, 13, 14, 15, 16, 17, 18, 19, 20]]
mL10a90: [[1, 2, 3, 4, 5, 6, 7, 8], [9, 10, 11, 12, 13, 14, 15, 16, 17, 18, 19, 20]]
mL10a91: [[1, 2, 3, 4, 5, 6, 7, 8], [9, 10, 11, 12, 13, 14, 15, 16, 17, 18, 19, 20]]
mL10a92: [[1, 2, 3, 4, 5, 6, 7, 8], [9, 10, 11, 12, 13, 14, 15, 16, 17, 18, 19, 20]]
mL10a93: [[1, 2, 3, 4, 5, 6, 7, 8], [9, 10, 11, 12, 13, 14, 15, 16, 17, 18, 19, 20]]
mL10a94: [[1, 2, 3, 4, 5, 6, 7, 8], [9, 10, 11, 12, 13, 14, 15, 16, 17, 18, 19, 20]]
mL10a95: [[1, 2, 3, 4, 5, 6, 7, 8], [9, 10, 11, 12, 13, 14, 15, 16, 17, 18, 19, 20]]
mL10a96: [[1, 2, 3, 4, 5, 6, 7, 8], [9, 10, 11, 12, 13, 14, 15, 16, 17, 18, 19, 20]]
mL10a97: [[1, 2, 3, 4, 5, 6, 7, 8], [9, 10, 11, 12, 13, 14, 15, 16, 17, 18, 19, 20]]
mL10a98: [[1, 2, 3, 4, 5, 6, 7, 8], [9, 10, 11, 12, 13, 14, 15, 16, 17, 18, 19, 20]]
mL10a99: [[1, 2, 3, 4, 5, 6, 7, 8], [9, 10, 11, 12, 13, 14, 15, 16, 17, 18, 19, 20]]
mL10a100: [[1, 2, 3, 4, 5, 6, 7, 8], [9, 10, 11, 12, 13, 14, 15, 16, 17, 18, 19, 20]]
mL10a101: [[1, 2, 3, 4, 5, 6, 7, 8], [9, 10, 11, 12, 13, 14, 15, 16, 17, 18, 19, 20]]
mL10a102: [[1, 2, 3, 4, 5, 6, 7, 8], [9, 10, 11, 12, 13, 14, 15, 16, 17, 18, 19, 20]]
mL10a103: [[1, 2, 3, 4, 5, 6, 7, 8], [9, 10, 11, 12, 13, 14, 15, 16, 17, 18, 19, 20]]
mL10a104: [[1, 2, 3, 4, 5, 6, 7, 8], [9, 10, 11, 12, 13, 14, 15, 16, 17, 18, 19, 20]]
mL10a105: [[1, 2, 3, 4, 5, 6, 7, 8], [9, 10, 11, 12, 13, 14, 15, 16, 17, 18, 19, 20]]
mL10a106: [[1, 2, 3, 4, 5, 6, 7, 8], [9, 10, 11, 12, 13, 14, 15, 16, 17, 18, 19, 20]]
mL10a107: [[1, 2, 3, 4, 5, 6, 7, 8], [9, 10, 11, 12, 13, 14, 15, 16, 17, 18, 19, 20]]
mL10a108: [[1, 2, 3, 4, 5, 6, 7, 8, 9, 10], [11, 12, 13, 14, 15, 16, 17, 18, 19, 20]]
mL10a109: [[1, 2, 3, 4, 5, 6, 7, 8, 9, 10], [11, 12, 13, 14, 15, 16, 17, 18, 19, 20]]
mL10a110: [[1, 2, 3, 4, 5, 6, 7, 8, 9, 10], [11, 12, 13, 14, 15, 16, 17, 18, 19, 20]]
mL10a111: [[1, 2, 3, 4, 5, 6, 7, 8, 9, 10], [11, 12, 13, 14, 15, 16, 17, 18, 19, 20]]
mL10a112: [[1, 2, 3, 4, 5, 6, 7, 8, 9, 10], [11, 12, 13, 14, 15, 16, 17, 18, 19, 20]]
mL10a113: [[1, 2, 3, 4, 5, 6, 7, 8, 9, 10], [11, 12, 13, 14, 15, 16, 17, 18, 19, 20]]
mL10a114: [[1, 2, 3, 4, 5, 6, 7, 8, 9, 10], [11, 12, 13, 14, 15, 16, 17, 18, 19, 20]]
mL10a115: [[1, 2, 3, 4, 5, 6, 7, 8, 9, 10], [11, 12, 13, 14, 15, 16, 17, 18, 19, 20]]
mL10a116: [[1, 2, 3, 4, 5, 6, 7, 8, 9, 10], [11, 12, 13, 14, 15, 16, 17, 18, 19, 20]]
mL10a117: [[1, 2, 3, 4, 5, 6, 7, 8, 9, 10], [11, 12, 13, 14, 15, 16, 17, 18, 19, 20]]
mL10a118: [[1, 2, 3, 4, 5, 6, 7, 8, 9, 10], [11, 12, 13, 14, 15, 16, 17, 18, 19, 20]]
mL10a119: [[1, 2, 3, 4, 5, 6, 7, 8, 9, 10], [11, 12, 13, 14, 15, 16, 17, 18, 19, 20]]
mL10a120: [[1, 2, 3, 4, 5, 6, 7, 8, 9, 10], [11, 12, 13, 14, 15, 16, 17, 18, 19, 20]]
mL10a121: [[1, 2, 3, 4, 5, 6, 7, 8, 9, 10], [11, 12, 13, 14, 15, 16, 17, 18, 19, 20]]
mL10a122: [[1, 2, 3, 4], [5, 6, 7, 8], [9, 10, 11, 12, 13, 14, 15, 16, 17, 18, 19, 20]]
mL10a123: [[1, 2, 3, 4], [5, 6, 7, 8], [9, 10, 11, 12, 13, 14, 15, 16, 17, 18, 19, 20]]
mL10a124: [[1, 2, 3, 4], [5, 6, 7, 8], [9, 10, 11, 12, 13, 14, 15, 16, 17, 18, 19, 20]]
mL10a125: [[1, 2, 3, 4], [5, 6, 7, 8], [9, 10, 11, 12, 13, 14, 15, 16, 17, 18, 19, 20]]
mL10a126: [[1, 2, 3, 4], [5, 6, 7, 8], [9, 10, 11, 12, 13, 14, 15, 16, 17, 18, 19, 20]]
mL10a127: [[1, 2, 3, 4], [5, 6, 7, 8, 9, 10], [11, 12, 13, 14, 15, 16, 17, 18, 19, 20]]
mL10a128: [[1, 2, 3, 4], [5, 6, 7, 8, 9, 10], [11, 12, 13, 14, 15, 16, 17, 18, 19, 20]]
mL10a129: [[1, 2, 3, 4], [5, 6, 7, 8, 9, 10], [11, 12, 13, 14, 15, 16, 17, 18, 19, 20]]
mL10a130: [[1, 2, 3, 4], [5, 6, 7, 8, 9, 10], [11, 12, 13, 14, 15, 16, 17, 18, 19, 20]]
mL10a131: [[1, 2, 3, 4], [5, 6, 7, 8, 9, 10], [11, 12, 13, 14, 15, 16, 17, 18, 19, 20]]
mL10a132: [[1, 2, 3, 4], [5, 6, 7, 8, 9, 10], [11, 12, 13, 14, 15, 16, 17, 18, 19, 20]]
mL10a133: [[1, 2, 3, 4], [5, 6, 7, 8, 9, 10], [11, 12, 13, 14, 15, 16, 17, 18, 19, 20]]
mL10a134: [[1, 2, 3, 4], [5, 6, 7, 8, 9, 10], [11, 12, 13, 14, 15, 16, 17, 18, 19, 20]]
mL10a135: [[1, 2, 3, 4], [5, 6, 7, 8, 9, 10], [11, 12, 13, 14, 15, 16, 17, 18, 19, 20]]
mL10a136: [[1, 2, 3, 4], [5, 6, 7, 8, 9, 10], [11, 12, 13, 14, 15, 16, 17, 18, 19, 20]]
mL10a137: [[1, 2, 3, 4], [5, 6, 7, 8, 9, 10, 11, 12], [13, 14, 15, 16, 17, 18, 19, 20]]
mL10a138: [[1, 2, 3, 4], [5, 6, 7, 8, 9, 10, 11, 12], [13, 14, 15, 16, 17, 18, 19, 20]]
mL10a139: [[1, 2, 3, 4], [5, 6, 7, 8, 9, 10, 11, 12], [13, 14, 15, 16, 17, 18, 19, 20]]
mL10a140: [[1, 2, 3, 4], [5, 6, 7, 8, 9, 10, 11, 12], [13, 14, 15, 16, 17, 18, 19, 20]]
mL10a141: [[1, 2, 3, 4], [5, 6, 7, 8, 9, 10, 11, 12], [13, 14, 15, 16, 17, 18, 19, 20]]
mL10a142: [[1, 2, 3, 4], [5, 6, 7, 8, 9, 10, 11, 12], [13, 14, 15, 16, 17, 18, 19, 20]]
mL10a143: [[1, 2, 3, 4], [5, 6, 7, 8, 9, 10, 11, 12], [13, 14, 15, 16, 17, 18, 19, 20]]
mL10a144: [[1, 2, 3, 4], [5, 6, 7, 8, 9, 10, 11, 12], [13, 14, 15, 16, 17, 18, 19, 20]]
mL10a145: [[1, 2, 3, 4], [5, 6, 7, 8, 9, 10, 11, 12], [13, 14, 15, 16, 17, 18, 19, 20]]
mL10a146: [[1, 2, 3, 4], [5, 6, 7, 8, 9, 10, 11, 12], [13, 14, 15, 16, 17, 18, 19, 20]]
mL10a147: [[1, 2, 3, 4], [5, 6, 7, 8, 9, 10, 11, 12], [13, 14, 15, 16, 17, 18, 19, 20]]
mL10a148: [[1, 2, 3, 4], [5, 6, 7, 8, 9, 10, 11, 12], [13, 14, 15, 16, 17, 18, 19, 20]]
mL10a149: [[1, 2, 3, 4], [5, 6, 7, 8, 9, 10, 11, 12, 13, 14], [15, 16, 17, 18, 19, 20]]
mL10a150: [[1, 2, 3, 4], [5, 6, 7, 8, 9, 10, 11, 12, 13, 14], [15, 16, 17, 18, 19, 20]]
mL10a151: [[1, 2, 3, 4], [5, 6, 7, 8, 9, 10, 11, 12, 13, 14], [15, 16, 17, 18, 19, 20]]
mL10a152: [[1, 2, 3, 4], [5, 6, 7, 8, 9, 10, 11, 12, 13, 14], [15, 16, 17, 18, 19, 20]]
mL10a153: [[1, 2, 3, 4], [5, 6, 7, 8, 9, 10, 11, 12, 13, 14], [15, 16, 17, 18, 19, 20]]
mL10a154: [[1, 2, 3, 4], [5, 6, 7, 8, 9, 10, 11, 12, 13, 14, 15, 16], [17, 18, 19, 20]]
mL10a155: [[1, 2, 3, 4], [5, 6, 7, 8, 9, 10, 11, 12, 13, 14, 15, 16], [17, 18, 19, 20]]
mL10a156: [[1, 2, 3, 4, 5, 6], [7, 8, 9, 10, 11, 12], [13, 14, 15, 16, 17, 18, 19, 20]]
mL10a157: [[1, 2, 3, 4, 5, 6], [7, 8, 9, 10, 11, 12], [13, 14, 15, 16, 17, 18, 19, 20]]
mL10a158: [[1, 2, 3, 4, 5, 6], [7, 8, 9, 10, 11, 12], [13, 14, 15, 16, 17, 18, 19, 20]]
mL10a159: [[1, 2, 3, 4, 5, 6], [7, 8, 9, 10, 11, 12], [13, 14, 15, 16, 17, 18, 19, 20]]
mL10a160: [[1, 2, 3, 4, 5, 6], [7, 8, 9, 10, 11, 12], [13, 14, 15, 16, 17, 18, 19, 20]]
mL10a161: [[1, 2, 3, 4, 5, 6], [7, 8, 9, 10, 11, 12], [13, 14, 15, 16, 17, 18, 19, 20]]
mL10a162: [[1, 2, 3, 4, 5, 6], [7, 8, 9, 10, 11, 12], [13, 14, 15, 16, 17, 18, 19, 20]]
mL10a163: [[1, 2, 3, 4, 5, 6], [7, 8, 9, 10, 11, 12], [13, 14, 15, 16, 17, 18, 19, 20]]
mL10a164: [[1, 2, 3, 4, 5, 6], [7, 8, 9, 10, 11, 12], [13, 14, 15, 16, 17, 18, 19, 20]]
mL10a165: [[1, 2, 3, 4], [5, 6, 7, 8], [9, 10, 11, 12], [13, 14, 15, 16, 17, 18, 19, 20]]
mL10a166: [[1, 2, 3, 4], [5, 6, 7, 8], [9, 10, 11, 12, 13, 14], [15, 16, 17, 18, 19, 20]]
mL10a167: [[1, 2, 3, 4], [5, 6, 7, 8], [9, 10, 11, 12, 13, 14], [15, 16, 17, 18, 19, 20]]
mL10a168: [[1, 2, 3, 4], [5, 6, 7, 8], [9, 10, 11, 12, 13, 14, 15, 16], [17, 18, 19, 20]]
mL10a169: [[1, 2, 3, 4], [5, 6, 7, 8, 9, 10], [11, 12, 13, 14], [15, 16, 17, 18, 19, 20]]
mL10a170: [[1, 2, 3, 4], [5, 6, 7, 8, 9, 10], [11, 12, 13, 14], [15, 16, 17, 18, 19, 20]]
mL10a171: [[1, 2, 3, 4], [5, 6, 7, 8, 9, 10], [11, 12, 13, 14, 15, 16], [17, 18, 19, 20]]
mL10a172: [[1, 2, 3, 4], [5, 6, 7, 8, 9, 10], [11, 12, 13, 14, 15, 16], [17, 18, 19, 20]]
mL10a173: [[1, 2, 3, 4], [5, 6, 7, 8, 9, 10], [11, 12, 13, 14, 15, 16], [17, 18, 19, 20]]
mL10a174: [[1, 2, 3, 4], [5, 6, 7, 8], [9, 10, 11, 12], [13, 14, 15, 16], [17, 18, 19, 20]]
mL10n1: [[1, 2, 3, 4], [5, 6, 7, 8, 9, 10, 11, 12, 13, 14, 15, 16, 17, 18, 19, 20]]
mL10n2: [[1, 2, 3, 4], [5, 6, 7, 8, 9, 10, 11, 12, 13, 14, 15, 16, 17, 18, 19, 20]]
mL10n3: [[1, 2, 3, 4], [5, 6, 7, 8, 9, 10, 11, 12, 13, 14, 15, 16, 17, 18, 19, 20]]
mL10n4: [[1, 2, 3, 4], [5, 6, 7, 8, 9, 10, 11, 12, 13, 14, 15, 16, 17, 18, 19, 20]]
mL10n5: [[1, 2, 3, 4], [5, 6, 7, 8, 9, 10, 11, 12, 13, 14, 15, 16, 17, 18, 19, 20]]
mL10n6: [[1, 2, 3, 4], [5, 6, 7, 8, 9, 10, 11, 12, 13, 14, 15, 16, 17, 18, 19, 20]]
mL10n7: [[1, 2, 3, 4], [5, 6, 7, 8, 9, 10, 11, 12, 13, 14, 15, 16, 17, 18, 19, 20]]
mL10n8: [[1, 2, 3, 4], [5, 6, 7, 8, 9, 10, 11, 12, 13, 14, 15, 16, 17, 18, 19, 20]]
mL10n9: [[1, 2, 3, 4], [5, 6, 7, 8, 9, 10, 11, 12, 13, 14, 15, 16, 17, 18, 19, 20]]
mL10n10: [[1, 2, 3, 4], [5, 6, 7, 8, 9, 10, 11, 12, 13, 14, 15, 16, 17, 18, 19, 20]]
mL10n11: [[1, 2, 3, 4], [5, 6, 7, 8, 9, 10, 11, 12, 13, 14, 15, 16, 17, 18, 19, 20]]
mL10n12: [[1, 2, 3, 4], [5, 6, 7, 8, 9, 10, 11, 12, 13, 14, 15, 16, 17, 18, 19, 20]]
mL10n13: [[1, 2, 3, 4], [5, 6, 7, 8, 9, 10, 11, 12, 13, 14, 15, 16, 17, 18, 19, 20]]
mL10n14: [[1, 2, 3, 4], [5, 6, 7, 8, 9, 10, 11, 12, 13, 14, 15, 16, 17, 18, 19, 20]]
mL10n15: [[1, 2, 3, 4], [5, 6, 7, 8, 9, 10, 11, 12, 13, 14, 15, 16, 17, 18, 19, 20]]
mL10n16: [[1, 2, 3, 4], [5, 6, 7, 8, 9, 10, 11, 12, 13, 14, 15, 16, 17, 18, 19, 20]]
mL10n17: [[1, 2, 3, 4], [5, 6, 7, 8, 9, 10, 11, 12, 13, 14, 15, 16, 17, 18, 19, 20]]
mL10n18: [[1, 2, 3, 4], [5, 6, 7, 8, 9, 10, 11, 12, 13, 14, 15, 16, 17, 18, 19, 20]]
mL10n19: [[1, 2, 3, 4], [5, 6, 7, 8, 9, 10, 11, 12, 13, 14, 15, 16, 17, 18, 19, 20]]
mL10n20: [[1, 2, 3, 4], [5, 6, 7, 8, 9, 10, 11, 12, 13, 14, 15, 16, 17, 18, 19, 20]]
mL10n21: [[1, 2, 3, 4], [5, 6, 7, 8, 9, 10, 11, 12, 13, 14, 15, 16, 17, 18, 19, 20]]
mL10n22: [[1, 2, 3, 4], [5, 6, 7, 8, 9, 10, 11, 12, 13, 14, 15, 16, 17, 18, 19, 20]]
mL10n23: [[1, 2, 3, 4], [5, 6, 7, 8, 9, 10, 11, 12, 13, 14, 15, 16, 17, 18, 19, 20]]
mL10n24: [[1, 2, 3, 4], [5, 6, 7, 8, 9, 10, 11, 12, 13, 14, 15, 16, 17, 18, 19, 20]]
mL10n25: [[1, 2, 3, 4], [5, 6, 7, 8, 9, 10, 11, 12, 13, 14, 15, 16, 17, 18, 19, 20]]
mL10n26: [[1, 2, 3, 4], [5, 6, 7, 8, 9, 10, 11, 12, 13, 14, 15, 16, 17, 18, 19, 20]]
mL10n27: [[1, 2, 3, 4], [5, 6, 7, 8, 9, 10, 11, 12, 13, 14, 15, 16, 17, 18, 19, 20]]
mL10n28: [[1, 2, 3, 4], [5, 6, 7, 8, 9, 10, 11, 12, 13, 14, 15, 16, 17, 18, 19, 20]]
mL10n29: [[1, 2, 3, 4], [5, 6, 7, 8, 9, 10, 11, 12, 13, 14, 15, 16, 17, 18, 19, 20]]
mL10n30: [[1, 2, 3, 4], [5, 6, 7, 8, 9, 10, 11, 12, 13, 14, 15, 16, 17, 18, 19, 20]]
mL10n31: [[1, 2, 3, 4], [5, 6, 7, 8, 9, 10, 11, 12, 13, 14, 15, 16, 17, 18, 19, 20]]
mL10n32: [[1, 2, 3, 4], [5, 6, 7, 8, 9, 10, 11, 12, 13, 14, 15, 16, 17, 18, 19, 20]]
mL10n33: [[1, 2, 3, 4], [5, 6, 7, 8, 9, 10, 11, 12, 13, 14, 15, 16, 17, 18, 19, 20]]
mL10n34: [[1, 2, 3, 4], [5, 6, 7, 8, 9, 10, 11, 12, 13, 14, 15, 16, 17, 18, 19, 20]]
mL10n35: [[1, 2, 3, 4], [5, 6, 7, 8, 9, 10, 11, 12, 13, 14, 15, 16, 17, 18, 19, 20]]
mL10n36: [[1, 2, 3, 4], [5, 6, 7, 8, 9, 10, 11, 12, 13, 14, 15, 16, 17, 18, 19, 20]]
mL10n37: [[1, 2, 3, 4], [5, 6, 7, 8, 9, 10, 11, 12, 13, 14, 15, 16, 17, 18, 19, 20]]
mL10n38: [[1, 2, 3, 4], [5, 6, 7, 8, 9, 10, 11, 12, 13, 14, 15, 16, 17, 18, 19, 20]]
mL10n39: [[1, 2, 3, 4], [5, 6, 7, 8, 9, 10, 11, 12, 13, 14, 15, 16, 17, 18, 19, 20]]
mL10n40: [[1, 2, 3, 4, 5, 6], [7, 8, 9, 10, 11, 12, 13, 14, 15, 16, 17, 18, 19, 20]]
mL10n41: [[1, 2, 3, 4, 5, 6], [7, 8, 9, 10, 11, 12, 13, 14, 15, 16, 17, 18, 19, 20]]
mL10n42: [[1, 2, 3, 4, 5, 6], [7, 8, 9, 10, 11, 12, 13, 14, 15, 16, 17, 18, 19, 20]]
mL10n43: [[1, 2, 3, 4, 5, 6], [7, 8, 9, 10, 11, 12, 13, 14, 15, 16, 17, 18, 19, 20]]
mL10n44: [[1, 2, 3, 4, 5, 6], [7, 8, 9, 10, 11, 12, 13, 14, 15, 16, 17, 18, 19, 20]]
mL10n45: [[1, 2, 3, 4, 5, 6], [7, 8, 9, 10, 11, 12, 13, 14, 15, 16, 17, 18, 19, 20]]
mL10n46: [[1, 2, 3, 4, 5, 6], [7, 8, 9, 10, 11, 12, 13, 14, 15, 16, 17, 18, 19, 20]]
mL10n47: [[1, 2, 3, 4, 5, 6], [7, 8, 9, 10, 11, 12, 13, 14, 15, 16, 17, 18, 19, 20]]
mL10n48: [[1, 2, 3, 4, 5, 6], [7, 8, 9, 10, 11, 12, 13, 14, 15, 16, 17, 18, 19, 20]]
mL10n49: [[1, 2, 3, 4, 5, 6], [7, 8, 9, 10, 11, 12, 13, 14, 15, 16, 17, 18, 19, 20]]
mL10n50: [[1, 2, 3, 4, 5, 6], [7, 8, 9, 10, 11, 12, 13, 14, 15, 16, 17, 18, 19, 20]]
mL10n51: [[1, 2, 3, 4, 5, 6], [7, 8, 9, 10, 11, 12, 13, 14, 15, 16, 17, 18, 19, 20]]
mL10n52: [[1, 2, 3, 4, 5, 6], [7, 8, 9, 10, 11, 12, 13, 14, 15, 16, 17, 18, 19, 20]]
mL10n53: [[1, 2, 3, 4, 5, 6], [7, 8, 9, 10, 11, 12, 13, 14, 15, 16, 17, 18, 19, 20]]
mL10n54: [[1, 2, 3, 4, 5, 6, 7, 8], [9, 10, 11, 12, 13, 14, 15, 16, 17, 18, 19, 20]]
mL10n55: [[1, 2, 3, 4, 5, 6, 7, 8], [9, 10, 11, 12, 13, 14, 15, 16, 17, 18, 19, 20]]
mL10n56: [[1, 2, 3, 4, 5, 6, 7, 8], [9, 10, 11, 12, 13, 14, 15, 16, 17, 18, 19, 20]]
mL10n57: [[1, 2, 3, 4, 5, 6, 7, 8], [9, 10, 11, 12, 13, 14, 15, 16, 17, 18, 19, 20]]
mL10n58: [[1, 2, 3, 4, 5, 6, 7, 8, 9, 10], [11, 12, 13, 14, 15, 16, 17, 18, 19, 20]]
mL10n59: [[1, 2, 3, 4, 5, 6, 7, 8, 9, 10], [11, 12, 13, 14, 15, 16, 17, 18, 19, 20]]
mL10n60: [[1, 2, 3, 4, 5, 6, 7, 8, 9, 10], [11, 12, 13, 14, 15, 16, 17, 18, 19, 20]]
mL10n61: [[1, 2, 3, 4, 5, 6, 7, 8, 9, 10], [11, 12, 13, 14, 15, 16, 17, 18, 19, 20]]
mL10n62: [[1, 2, 3, 4, 5, 6, 7, 8, 9, 10], [11, 12, 13, 14, 15, 16, 17, 18, 19, 20]]
mL10n63: [[1, 2, 3, 4, 5, 6, 7, 8, 9, 10], [11, 12, 13, 14, 15, 16, 17, 18, 19, 20]]
mL10n64: [[1, 2, 3, 4, 5, 6, 7, 8, 9, 10], [11, 12, 13, 14, 15, 16, 17, 18, 19, 20]]
mL10n65: [[1, 2, 3, 4], [5, 6, 7, 8], [9, 10, 11, 12, 13, 14, 15, 16, 17, 18, 19, 20]]
mL10n66: [[1, 2, 3, 4], [5, 6, 7, 8], [9, 10, 11, 12, 13, 14, 15, 16, 17, 18, 19, 20]]
mL10n67: [[1, 2, 3, 4], [5, 6, 7, 8], [9, 10, 11, 12, 13, 14, 15, 16, 17, 18, 19, 20]]
mL10n68: [[1, 2, 3, 4], [5, 6, 7, 8, 9, 10], [11, 12, 13, 14, 15, 16, 17, 18, 19, 20]]
mL10n69: [[1, 2, 3, 4], [5, 6, 7, 8, 9, 10], [11, 12, 13, 14, 15, 16, 17, 18, 19, 20]]
mL10n70: [[1, 2, 3, 4], [5, 6, 7, 8, 9, 10], [11, 12, 13, 14, 15, 16, 17, 18, 19, 20]]
mL10n71: [[1, 2, 3, 4], [5, 6, 7, 8, 9, 10], [11, 12, 13, 14, 15, 16, 17, 18, 19, 20]]
mL10n72: [[1, 2, 3, 4], [5, 6, 7, 8, 9, 10], [11, 12, 13, 14, 15, 16, 17, 18, 19, 20]]
mL10n73: [[1, 2, 3, 4], [5, 6, 7, 8, 9, 10], [11, 12, 13, 14, 15, 16, 17, 18, 19, 20]]
mL10n74: [[1, 2, 3, 4], [5, 6, 7, 8, 9, 10, 11, 12], [13, 14, 15, 16, 17, 18, 19, 20]]
mL10n75: [[1, 2, 3, 4], [5, 6, 7, 8, 9, 10, 11, 12], [13, 14, 15, 16, 17, 18, 19, 20]]
mL10n76: [[1, 2, 3, 4], [5, 6, 7, 8, 9, 10, 11, 12], [13, 14, 15, 16, 17, 18, 19, 20]]
mL10n77: [[1, 2, 3, 4], [5, 6, 7, 8, 9, 10, 11, 12], [13, 14, 15, 16, 17, 18, 19, 20]]
mL10n78: [[1, 2, 3, 4], [5, 6, 7, 8, 9, 10, 11, 12], [13, 14, 15, 16, 17, 18, 19, 20]]
mL10n79: [[1, 2, 3, 4], [5, 6, 7, 8, 9, 10, 11, 12], [13, 14, 15, 16, 17, 18, 19, 20]]
mL10n80: [[1, 2, 3, 4], [5, 6, 7, 8, 9, 10, 11, 12], [13, 14, 15, 16, 17, 18, 19, 20]]
mL10n81: [[1, 2, 3, 4], [5, 6, 7, 8, 9, 10, 11, 12], [13, 14, 15, 16, 17, 18, 19, 20]]
mL10n82: [[1, 2, 3, 4], [5, 6, 7, 8, 9, 10, 11, 12], [13, 14, 15, 16, 17, 18, 19, 20]]
mL10n83: [[1, 2, 3, 4], [5, 6, 7, 8, 9, 10, 11, 12, 13, 14], [15, 16, 17, 18, 19, 20]]
mL10n84: [[1, 2, 3, 4], [5, 6, 7, 8, 9, 10, 11, 12, 13, 14], [15, 16, 17, 18, 19, 20]]
mL10n85: [[1, 2, 3, 4], [5, 6, 7, 8, 9, 10, 11, 12, 13, 14], [15, 16, 17, 18, 19, 20]]
mL10n86: [[1, 2, 3, 4], [5, 6, 7, 8, 9, 10, 11, 12, 13, 14], [15, 16, 17, 18, 19, 20]]
mL10n87: [[1, 2, 3, 4], [5, 6, 7, 8, 9, 10, 11, 12, 13, 14], [15, 16, 17, 18, 19, 20]]
mL10n88: [[1, 2, 3, 4], [5, 6, 7, 8, 9, 10, 11, 12, 13, 14, 15, 16], [17, 18, 19, 20]]
mL10n89: [[1, 2, 3, 4], [5, 6, 7, 8, 9, 10, 11, 12, 13, 14, 15, 16], [17, 18, 19, 20]]
mL10n90: [[1, 2, 3, 4], [5, 6, 7, 8, 9, 10, 11, 12, 13, 14, 15, 16], [17, 18, 19, 20]]
mL10n91: [[1, 2, 3, 4], [5, 6, 7, 8, 9, 10, 11, 12, 13, 14, 15, 16], [17, 18, 19, 20]]
mL10n92: [[1, 2, 3, 4, 5, 6], [7, 8, 9, 10, 11, 12], [13, 14, 15, 16, 17, 18, 19, 20]]
mL10n93: [[1, 2, 3, 4, 5, 6], [7, 8, 9, 10, 11, 12], [13, 14, 15, 16, 17, 18, 19, 20]]
mL10n94: [[1, 2, 3, 4, 5, 6], [7, 8, 9, 10, 11, 12], [13, 14, 15, 16, 17, 18, 19, 20]]
mL10n95: [[1, 2, 3, 4, 5, 6], [7, 8, 9, 10, 11, 12], [13, 14, 15, 16, 17, 18, 19, 20]]
mL10n96: [[1, 2, 3, 4], [5, 6, 7, 8], [9, 10, 11, 12, 13, 14], [15, 16, 17, 18, 19, 20]]
mL10n97: [[1, 2, 3, 4], [5, 6, 7, 8], [9, 10, 11, 12, 13, 14], [15, 16, 17, 18, 19, 20]]
mL10n98: [[1, 2, 3, 4], [5, 6, 7, 8], [9, 10, 11, 12, 13, 14], [15, 16, 17, 18, 19, 20]]
mL10n99: [[1, 2, 3, 4], [5, 6, 7, 8], [9, 10, 11, 12, 13, 14, 15, 16], [17, 18, 19, 20]]
mL10n100: [[1, 2, 3, 4], [5, 6, 7, 8], [9, 10, 11, 12, 13, 14, 15, 16], [17, 18, 19, 20]]
mL10n101: [[1, 2, 3, 4], [5, 6, 7, 8], [9, 10, 11, 12, 13, 14, 15, 16], [17, 18, 19, 20]]
mL10n102: [[1, 2, 3, 4], [5, 6, 7, 8], [9, 10, 11, 12, 13, 14, 15, 16], [17, 18, 19, 20]]
mL10n103: [[1, 2, 3, 4], [5, 6, 7, 8], [9, 10, 11, 12, 13, 14, 15, 16], [17, 18, 19, 20]]
mL10n104: [[1, 2, 3, 4], [5, 6, 7, 8, 9, 10], [11, 12, 13, 14], [15, 16, 17, 18, 19, 20]]
mL10n105: [[1, 2, 3, 4], [5, 6, 7, 8, 9, 10], [11, 12, 13, 14], [15, 16, 17, 18, 19, 20]]
mL10n106: [[1, 2, 3, 4], [5, 6, 7, 8, 9, 10], [11, 12, 13, 14], [15, 16, 17, 18, 19, 20]]
mL10n107: [[1, 2, 3, 4], [5, 6, 7, 8, 9, 10], [11, 12, 13, 14], [15, 16, 17, 18, 19, 20]]
mL10n108: [[1, 2, 3, 4], [5, 6, 7, 8, 9, 10], [11, 12, 13, 14], [15, 16, 17, 18, 19, 20]]
mL10n109: [[1, 2, 3, 4], [5, 6, 7, 8, 9, 10], [11, 12, 13, 14], [15, 16, 17, 18, 19, 20]]
mL10n110: [[1, 2, 3, 4], [5, 6, 7, 8, 9, 10], [11, 12, 13, 14, 15, 16], [17, 18, 19, 20]]
mL10n111: [[1, 2, 3, 4], [5, 6, 7, 8, 9, 10], [11, 12, 13, 14, 15, 16], [17, 18, 19, 20]]
mL10n112: [[1, 2, 3, 4], [5, 6, 7, 8], [9, 10, 11, 12], [13, 14, 15, 16], [17, 18, 19, 20]]
mL10n113: [[1, 2, 3, 4], [5, 6, 7, 8], [9, 10, 11, 12], [13, 14, 15, 16], [17, 18, 19, 20]]
