mK3a1: [[1, 4, 2, 5], [3, 6, 4, 1], [5, 2, 6, 3]]
mK4a1: [[4, 1, 5, 2], [8, 5, 1, 6], [6, 4, 7, 3], [2, 8, 3, 7]]
mK5a1: [[2, 7, 3, 8], [4, 9, 5, 10], [6, 1, 7, 2], [8, 3, 9, 4], [10, 5, 1, 6]]
mK5a2: [[1, 4, 2, 5], [3, 8, 4, 9], [5, 10, 6, 1], [7, 2, 8, 3], [9, 6, 10, 7]]
mK6a1: [[1, 6, 2, 7], [3, 11, 4, 10], [5, 2, 6, 3], [7, 12, 8, 1], [9, 5, 10, 4], [11, 8, 12, 9]]
mK6a2: [[1, 9, 2, 8], [3, 10, 4, 11], [5, 12, 6, 1], [7, 3, 8, 2], [9, 6, 10, 7], [11, 4, 12, 5]]
mK6a3: [[4, 1, 5, 2], [8, 3, 9, 4], [12, 10, 1, 9], [10, 6, 11, 5], [6, 12, 7, 11], [2, 7, 3, 8]]
mK7a1: [[1, 8, 2, 9], [3, 10, 4, 11], [5, 12, 6, 13], [7, 14, 8, 1], [9, 2, 10, 3], [11, 4, 12, 5], [13, 6, 14, 7]]
mK7a2: [[2, 9, 3, 10], [4, 13, 5, 14], [6, 11, 7, 12], [8, 1, 9, 2], [10, 7, 11, 8], [12, 5, 13, 6], [14, 3, 1, 4]]
mK7a3: [[1, 8, 2, 9], [3, 10, 4, 11], [5, 14, 6, 1], [7, 12, 8, 13], [9, 2, 10, 3], [11, 4, 12, 5], [13, 6, 14, 7]]
mK7a4: [[2, 9, 3, 10], [4, 11, 5, 12], [6, 13, 7, 14], [8, 3, 9, 4], [10, 1, 11, 2], [12, 7, 13, 8], [14, 5, 1, 6]]
mK7a5: [[2, 9, 3, 10], [4, 1, 5, 2], [6, 13, 7, 14], [8, 11, 9, 12], [10, 3, 11, 4], [12, 5, 13, 6], [14, 7, 1, 8]]
mK7a6: [[1, 12, 2, 13], [3, 8, 4, 9], [5, 14, 6, 1], [7, 11, 8, 10], [9, 2, 10, 3], [11, 7, 12, 6], [13, 4, 14, 5]]
mK7a7: [[1, 11, 2, 10], [3, 12, 4, 13], [5, 1, 6, 14], [7, 4, 8, 5], [9, 3, 10, 2], [11, 8, 12, 9], [13, 7, 14, 6]]
mK8a1: [[1, 8, 2, 9], [3, 6, 4, 7], [5, 13, 6, 12], [7, 2, 8, 3], [9, 16, 10, 1], [11, 14, 12, 15], [13, 5, 14, 4], [15, 10, 16, 11]]
mK8a2: [[1, 11, 2, 10], [3, 12, 4, 13], [5, 14, 6, 15], [7, 16, 8, 1], [9, 3, 10, 2], [11, 8, 12, 9], [13, 4, 14, 5], [15, 6, 16, 7]]
mK8a3: [[6, 1, 7, 2], [14, 9, 15, 10], [10, 6, 11, 5], [12, 4, 13, 3], [4, 12, 5, 11], [2, 14, 3, 13], [16, 7, 1, 8], [8, 15, 9, 16]]
mK8a4: [[2, 12, 3, 11], [4, 10, 5, 9], [6, 15, 7, 16], [8, 13, 9, 14], [10, 2, 11, 1], [12, 4, 13, 3], [14, 7, 15, 8], [16, 5, 1, 6]]
mK8a5: [[1, 6, 2, 7], [3, 8, 4, 9], [5, 13, 6, 12], [7, 2, 8, 3], [9, 14, 10, 15], [11, 16, 12, 1], [13, 5, 14, 4], [15, 10, 16, 11]]
mK8a6: [[2, 10, 3, 9], [4, 13, 5, 14], [6, 15, 7, 16], [8, 11, 9, 12], [10, 2, 11, 1], [12, 7, 13, 8], [14, 5, 15, 6], [16, 3, 1, 4]]
mK8a7: [[2, 10, 3, 9], [4, 13, 5, 14], [6, 16, 7, 15], [8, 2, 9, 1], [10, 6, 11, 5], [12, 3, 13, 4], [14, 11, 15, 12], [16, 8, 1, 7]]
mK8a8: [[1, 6, 2, 7], [3, 13, 4, 12], [5, 8, 6, 9], [7, 2, 8, 3], [9, 1, 10, 16], [11, 15, 12, 14], [13, 5, 14, 4], [15, 11, 16, 10]]
mK8a9: [[6, 1, 7, 2], [14, 7, 15, 8], [10, 4, 11, 3], [2, 14, 3, 13], [12, 6, 13, 5], [4, 12, 5, 11], [16, 9, 1, 10], [8, 15, 9, 16]]
mK8a10: [[2, 13, 3, 14], [4, 10, 5, 9], [6, 12, 7, 11], [8, 16, 9, 15], [10, 6, 11, 5], [12, 1, 13, 2], [14, 8, 15, 7], [16, 3, 1, 4]]
mK8a11: [[1, 11, 2, 10], [3, 12, 4, 13], [5, 14, 6, 15], [7, 16, 8, 1], [9, 3, 10, 2], [11, 8, 12, 9], [13, 6, 14, 7], [15, 4, 16, 5]]
mK8a12: [[4, 1, 5, 2], [10, 7, 11, 8], [8, 4, 9, 3], [2, 10, 3, 9], [14, 5, 15, 6], [16, 12, 1, 11], [12, 16, 13, 15], [6, 13, 7, 14]]
mK8a13: [[1, 8, 2, 9], [3, 15, 4, 14], [5, 13, 6, 12], [7, 10, 8, 11], [9, 2, 10, 3], [11, 1, 12, 16], [13, 5, 14, 4], [15, 7, 16, 6]]
mK8a14: [[2, 11, 3, 12], [4, 7, 5, 8], [6, 16, 7, 15], [8, 13, 9, 14], [10, 1, 11, 2], [12, 9, 13, 10], [14, 3, 15, 4], [16, 6, 1, 5]]
mK8a15: [[1, 6, 2, 7], [3, 14, 4, 15], [5, 8, 6, 9], [7, 2, 8, 3], [9, 12, 10, 13], [11, 16, 12, 1], [13, 4, 14, 5], [15, 10, 16, 11]]
mK8a16: [[2, 8, 3, 7], [4, 9, 5, 10], [6, 2, 7, 1], [8, 13, 9, 14], [10, 16, 11, 15], [12, 5, 13, 6], [14, 4, 15, 3], [16, 12, 1, 11]]
mK8a17: [[6, 1, 7, 2], [14, 7, 15, 8], [8, 4, 9, 3], [2, 14, 3, 13], [12, 6, 13, 5], [4, 10, 5, 9], [16, 11, 1, 12], [10, 15, 11, 16]]
mK8a18: [[6, 1, 7, 2], [8, 4, 9, 3], [16, 12, 1, 11], [2, 13, 3, 14], [4, 16, 5, 15], [10, 5, 11, 6], [12, 8, 13, 7], [14, 9, 15, 10]]
mK8n1: [[2, 13, 3, 14], [5, 10, 6, 11], [7, 14, 8, 15], [9, 4, 10, 5], [11, 6, 12, 7], [12, 1, 13, 2], [15, 8, 16, 9], [16, 3, 1, 4]]
mK8n2: [[1, 6, 2, 7], [4, 14, 5, 13], [5, 8, 6, 9], [7, 2, 8, 3], [10, 16, 11, 15], [12, 10, 13, 9], [14, 4, 15, 3], [16, 12, 1, 11]]
mK8n3: [[1, 6, 2, 7], [4, 14, 5, 13], [5, 8, 6, 9], [7, 2, 8, 3], [9, 12, 10, 13], [11, 16, 12, 1], [14, 4, 15, 3], [15, 10, 16, 11]]
mK9a1: [[1, 10, 2, 11], [3, 12, 4, 13], [5, 14, 6, 15], [7, 16, 8, 17], [9, 18, 10, 1], [11, 2, 12, 3], [13, 4, 14, 5], [15, 6, 16, 7], [17, 8, 18, 9]]
mK9a2: [[2, 7, 3, 8], [4, 13, 5, 14], [6, 3, 7, 4], [8, 1, 9, 2], [10, 17, 11, 18], [12, 15, 13, 16], [14, 5, 15, 6], [16, 11, 17, 12], [18, 9, 1, 10]]
mK9a3: [[1, 10, 2, 11], [3, 14, 4, 15], [5, 12, 6, 13], [7, 16, 8, 17], [9, 18, 10, 1], [11, 2, 12, 3], [13, 4, 14, 5], [15, 6, 16, 7], [17, 8, 18, 9]]
mK9a4: [[2, 13, 3, 14], [4, 11, 5, 12], [6, 15, 7, 16], [8, 17, 9, 18], [10, 5, 11, 6], [12, 3, 13, 4], [14, 1, 15, 2], [16, 7, 17, 8], [18, 9, 1, 10]]
mK9a5: [[2, 13, 3, 14], [4, 11, 5, 12], [6, 15, 7, 16], [8, 17, 9, 18], [10, 5, 11, 6], [12, 3, 13, 4], [14, 1, 15, 2], [16, 9, 17, 10], [18, 7, 1, 8]]
mK9a6: [[1, 12, 2, 13], [3, 6, 4, 7], [5, 14, 6, 15], [7, 2, 8, 3], [9, 16, 10, 17], [11, 18, 12, 1], [13, 4, 14, 5], [15, 8, 16, 9], [17, 10, 18, 11]]
mK9a7: [[2, 9, 3, 10], [4, 11, 5, 12], [6, 15, 7, 16], [8, 5, 9, 6], [10, 3, 11, 4], [12, 1, 13, 2], [14, 17, 15, 18], [16, 7, 17, 8], [18, 13, 1, 14]]
mK9a8: [[1, 17, 2, 16], [3, 15, 4, 14], [5, 10, 6, 11], [7, 18, 8, 1], [9, 12, 10, 13], [11, 6, 12, 7], [13, 5, 14, 4], [15, 3, 16, 2], [17, 8, 18, 9]]
mK9a9: [[1, 12, 2, 13], [3, 8, 4, 9], [5, 14, 6, 15], [7, 16, 8, 17], [9, 2, 10, 3], [11, 18, 12, 1], [13, 4, 14, 5], [15, 6, 16, 7], [17, 10, 18, 11]]
mK9a10: [[1, 12, 2, 13], [3, 10, 4, 11], [5, 16, 6, 17], [7, 14, 8, 15], [9, 18, 10, 1], [11, 2, 12, 3], [13, 4, 14, 5], [15, 6, 16, 7], [17, 8, 18, 9]]
mK9a11: [[2, 8, 3, 7], [4, 14, 5, 13], [6, 16, 7, 15], [8, 11, 9, 12], [10, 18, 11, 17], [12, 4, 13, 3], [14, 6, 15, 5], [16, 1, 17, 2], [18, 10, 1, 9]]
mK9a12: [[2, 10, 3, 9], [4, 15, 5, 16], [6, 13, 7, 14], [8, 4, 9, 3], [10, 17, 11, 18], [12, 7, 13, 8], [14, 5, 15, 6], [16, 1, 17, 2], [18, 11, 1, 12]]
mK9a13: [[2, 11, 3, 12], [4, 13, 5, 14], [6, 15, 7, 16], [8, 17, 9, 18], [10, 5, 11, 6], [12, 3, 13, 4], [14, 1, 15, 2], [16, 9, 17, 10], [18, 7, 1, 8]]
mK9a14: [[1, 13, 2, 12], [3, 11, 4, 10], [5, 17, 6, 16], [7, 18, 8, 1], [9, 5, 10, 4], [11, 3, 12, 2], [13, 8, 14, 9], [15, 7, 16, 6], [17, 14, 18, 15]]
mK9a15: [[2, 10, 3, 9], [4, 8, 5, 7], [6, 16, 7, 15], [8, 4, 9, 3], [10, 13, 11, 14], [12, 18, 13, 17], [14, 6, 15, 5], [16, 1, 17, 2], [18, 12, 1, 11]]
mK9a16: [[1, 8, 2, 9], [3, 10, 4, 11], [5, 14, 6, 15], [7, 4, 8, 5], [9, 2, 10, 3], [11, 16, 12, 17], [13, 18, 14, 1], [15, 6, 16, 7], [17, 12, 18, 13]]
mK9a17: [[1, 8, 2, 9], [3, 13, 4, 12], [5, 17, 6, 16], [7, 18, 8, 1], [9, 2, 10, 3], [11, 5, 12, 4], [13, 10, 14, 11], [15, 7, 16, 6], [17, 14, 18, 15]]
mK9a18: [[2, 11, 3, 12], [4, 1, 5, 2], [6, 15, 7, 16], [8, 13, 9, 14], [10, 17, 11, 18], [12, 3, 13, 4], [14, 7, 15, 8], [16, 9, 17, 10], [18, 5, 1, 6]]
mK9a19: [[2, 13, 3, 14], [4, 12, 5, 11], [6, 3, 7, 4], [8, 18, 9, 17], [10, 6, 11, 5], [12, 7, 13, 8], [14, 1, 15, 2], [16, 10, 17, 9], [18, 15, 1, 16]]
mK9a20: [[1, 10, 2, 11], [3, 17, 4, 16], [5, 12, 6, 13], [7, 2, 8, 3], [9, 18, 10, 1], [11, 14, 12, 15], [13, 6, 14, 7], [15, 5, 16, 4], [17, 8, 18, 9]]
mK9a21: [[2, 8, 3, 7], [4, 14, 5, 13], [6, 16, 7, 15], [8, 11, 9, 12], [10, 18, 11, 17], [12, 6, 13, 5], [14, 4, 15, 3], [16, 1, 17, 2], [18, 10, 1, 9]]
mK9a22: [[1, 6, 2, 7], [3, 9, 4, 8], [5, 15, 6, 14], [7, 10, 8, 11], [9, 3, 10, 2], [11, 16, 12, 17], [13, 18, 14, 1], [15, 5, 16, 4], [17, 12, 18, 13]]
mK9a23: [[2, 15, 3, 16], [4, 11, 5, 12], [6, 3, 7, 4], [8, 17, 9, 18], [10, 13, 11, 14], [12, 5, 13, 6], [14, 7, 15, 8], [16, 1, 17, 2], [18, 9, 1, 10]]
mK9a24: [[1, 12, 2, 13], [3, 6, 4, 7], [5, 18, 6, 1], [7, 15, 8, 14], [9, 17, 10, 16], [11, 2, 12, 3], [13, 11, 14, 10], [15, 9, 16, 8], [17, 4, 18, 5]]
mK9a25: [[2, 9, 3, 10], [4, 18, 5, 17], [6, 11, 7, 12], [8, 3, 9, 4], [10, 13, 11, 14], [12, 7, 13, 8], [14, 1, 15, 2], [16, 6, 17, 5], [18, 15, 1, 16]]
mK9a26: [[2, 9, 3, 10], [4, 12, 5, 11], [6, 18, 7, 17], [8, 16, 9, 15], [10, 13, 11, 14], [12, 4, 13, 3], [14, 1, 15, 2], [16, 6, 17, 5], [18, 8, 1, 7]]
mK9a27: [[2, 10, 3, 9], [4, 8, 5, 7], [6, 13, 7, 14], [8, 16, 9, 15], [10, 17, 11, 18], [12, 4, 13, 3], [14, 5, 15, 6], [16, 1, 17, 2], [18, 11, 1, 12]]
mK9a28: [[1, 17, 2, 16], [3, 14, 4, 15], [5, 2, 6, 3], [7, 12, 8, 13], [9, 6, 10, 7], [11, 1, 12, 18], [13, 8, 14, 9], [15, 4, 16, 5], [17, 11, 18, 10]]
mK9a29: [[2, 9, 3, 10], [4, 18, 5, 17], [6, 11, 7, 12], [8, 3, 9, 4], [10, 16, 11, 15], [12, 5, 13, 6], [14, 2, 15, 1], [16, 8, 17, 7], [18, 14, 1, 13]]
mK9a30: [[1, 8, 2, 9], [3, 17, 4, 16], [5, 18, 6, 1], [7, 13, 8, 12], [9, 2, 10, 3], [11, 7, 12, 6], [13, 11, 14, 10], [15, 5, 16, 4], [17, 14, 18, 15]]
mK9a31: [[1, 8, 2, 9], [3, 11, 4, 10], [5, 12, 6, 13], [7, 18, 8, 1], [9, 17, 10, 16], [11, 14, 12, 15], [13, 6, 14, 7], [15, 5, 16, 4], [17, 2, 18, 3]]
mK9a32: [[2, 7, 3, 8], [4, 10, 5, 9], [6, 14, 7, 13], [8, 15, 9, 16], [10, 6, 11, 5], [12, 18, 13, 17], [14, 4, 15, 3], [16, 1, 17, 2], [18, 12, 1, 11]]
mK9a33: [[1, 14, 2, 15], [3, 17, 4, 16], [5, 13, 6, 12], [7, 4, 8, 5], [9, 3, 10, 2], [11, 7, 12, 6], [13, 18, 14, 1], [15, 10, 16, 11], [17, 9, 18, 8]]
mK9a34: [[2, 14, 3, 13], [4, 18, 5, 17], [6, 15, 7, 16], [8, 3, 9, 4], [10, 6, 11, 5], [12, 7, 13, 8], [14, 2, 15, 1], [16, 12, 17, 11], [18, 9, 1, 10]]
mK9a35: [[2, 11, 3, 12], [4, 15, 5, 16], [6, 13, 7, 14], [8, 17, 9, 18], [10, 3, 11, 4], [12, 1, 13, 2], [14, 5, 15, 6], [16, 9, 17, 10], [18, 7, 1, 8]]
mK9a36: [[2, 16, 3, 15], [4, 12, 5, 11], [6, 3, 7, 4], [8, 18, 9, 17], [10, 6, 11, 5], [12, 9, 13, 10], [14, 2, 15, 1], [16, 8, 17, 7], [18, 14, 1, 13]]
mK9a37: [[1, 11, 2, 10], [3, 15, 4, 14], [5, 18, 6, 1], [7, 16, 8, 17], [9, 3, 10, 2], [11, 8, 12, 9], [13, 5, 14, 4], [15, 12, 16, 13], [17, 6, 18, 7]]
mK9a38: [[2, 13, 3, 14], [4, 9, 5, 10], [6, 15, 7, 16], [8, 3, 9, 4], [10, 17, 11, 18], [12, 5, 13, 6], [14, 1, 15, 2], [16, 11, 17, 12], [18, 7, 1, 8]]
mK9a39: [[1, 13, 2, 12], [3, 16, 4, 17], [5, 11, 6, 10], [7, 1, 8, 18], [9, 15, 10, 14], [11, 3, 12, 2], [13, 7, 14, 6], [15, 4, 16, 5], [17, 9, 18, 8]]
mK9a40: [[1, 14, 2, 15], [3, 13, 4, 12], [5, 10, 6, 11], [7, 2, 8, 3], [9, 1, 10, 18], [11, 16, 12, 17], [13, 8, 14, 9], [15, 7, 16, 6], [17, 4, 18, 5]]
mK9a41: [[1, 14, 2, 15], [3, 13, 4, 12], [5, 17, 6, 16], [7, 2, 8, 3], [9, 1, 10, 18], [11, 5, 12, 4], [13, 8, 14, 9], [15, 7, 16, 6], [17, 11, 18, 10]]
mK9n1: [[1, 4, 2, 5], [5, 10, 6, 11], [3, 9, 4, 8], [9, 3, 10, 2], [16, 12, 17, 11], [14, 7, 15, 8], [6, 15, 7, 16], [18, 14, 1, 13], [12, 18, 13, 17]]
mK9n2: [[1, 8, 2, 9], [3, 17, 4, 16], [5, 18, 6, 1], [6, 11, 7, 12], [9, 2, 10, 3], [10, 13, 11, 14], [12, 7, 13, 8], [15, 5, 16, 4], [17, 14, 18, 15]]
mK9n3: [[2, 10, 3, 9], [3, 17, 4, 16], [5, 18, 6, 1], [6, 11, 7, 12], [8, 2, 9, 1], [10, 13, 11, 14], [12, 7, 13, 8], [15, 5, 16, 4], [17, 14, 18, 15]]
mK9n4: [[2, 10, 3, 9], [3, 17, 4, 16], [5, 18, 6, 1], [7, 13, 8, 12], [8, 2, 9, 1], [11, 7, 12, 6], [13, 11, 14, 10], [15, 5, 16, 4], [17, 14, 18, 15]]
mK9n5: [[2, 9, 3, 10], [3, 15, 4, 14], [6, 18, 7, 17], [8, 12, 9, 11], [10, 1, 11, 2], [13, 5, 14, 4], [15, 12, 16, 13], [16, 8, 17, 7], [18, 6, 1, 5]]
mK9n6: [[1, 14, 2, 15], [4, 18, 5, 17], [6, 15, 7, 16], [8, 3, 9, 4], [10, 6, 11, 5], [12, 7, 13, 8], [13, 2, 14, 3], [16, 12, 17, 11], [18, 9, 1, 10]]
mK9n7: [[1, 11, 2, 10], [3, 15, 4, 14], [6, 18, 7, 17], [9, 3, 10, 2], [11, 8, 12, 9], [13, 5, 14, 4], [15, 12, 16, 13], [16, 8, 17, 7], [18, 6, 1, 5]]
mK9n8: [[1, 14, 2, 15], [4, 11, 5, 12], [6, 15, 7, 16], [7, 2, 8, 3], [10, 17, 11, 18], [12, 3, 13, 4], [13, 8, 14, 9], [16, 5, 17, 6], [18, 9, 1, 10]]
mK10a1: [[2, 12, 3, 11], [4, 19, 5, 20], [6, 17, 7, 18], [8, 15, 9, 16], [10, 13, 11, 14], [12, 2, 13, 1], [14, 9, 15, 10], [16, 7, 17, 8], [18, 5, 19, 6], [20, 3, 1, 4]]
mK10a2: [[1, 12, 2, 13], [3, 15, 4, 14], [5, 2, 6, 3], [7, 16, 8, 17], [9, 18, 10, 19], [11, 20, 12, 1], [13, 5, 14, 4], [15, 6, 16, 7], [17, 8, 18, 9], [19, 10, 20, 11]]
mK10a3: [[2, 9, 3, 10], [4, 18, 5, 17], [6, 16, 7, 15], [8, 3, 9, 4], [10, 1, 11, 2], [12, 19, 13, 20], [14, 8, 15, 7], [16, 6, 17, 5], [18, 13, 19, 14], [20, 11, 1, 12]]
mK10a4: [[2, 14, 3, 13], [4, 12, 5, 11], [6, 19, 7, 20], [8, 17, 9, 18], [10, 15, 11, 16], [12, 2, 13, 1], [14, 4, 15, 3], [16, 9, 17, 10], [18, 7, 19, 8], [20, 5, 1, 6]]
mK10a5: [[2, 14, 3, 13], [4, 18, 5, 17], [6, 15, 7, 16], [8, 5, 9, 6], [10, 20, 11, 19], [12, 2, 13, 1], [14, 4, 15, 3], [16, 7, 17, 8], [18, 10, 19, 9], [20, 12, 1, 11]]
mK10a6: [[2, 12, 3, 11], [4, 15, 5, 16], [6, 17, 7, 18], [8, 19, 9, 20], [10, 13, 11, 14], [12, 2, 13, 1], [14, 9, 15, 10], [16, 5, 17, 6], [18, 7, 19, 8], [20, 3, 1, 4]]
mK10a7: [[1, 13, 2, 12], [3, 14, 4, 15], [5, 18, 6, 19], [7, 16, 8, 17], [9, 20, 10, 1], [11, 3, 12, 2], [13, 10, 14, 11], [15, 8, 16, 9], [17, 6, 18, 7], [19, 4, 20, 5]]
mK10a8: [[1, 13, 2, 12], [3, 11, 4, 10], [5, 14, 6, 15], [7, 16, 8, 17], [9, 18, 10, 19], [11, 3, 12, 2], [13, 1, 14, 20], [15, 6, 16, 7], [17, 8, 18, 9], [19, 4, 20, 5]]
mK10a9: [[1, 12, 2, 13], [3, 17, 4, 16], [5, 15, 6, 14], [7, 2, 8, 3], [9, 18, 10, 19], [11, 20, 12, 1], [13, 5, 14, 4], [15, 7, 16, 6], [17, 8, 18, 9], [19, 10, 20, 11]]
mK10a10: [[1, 10, 2, 11], [3, 19, 4, 18], [5, 17, 6, 16], [7, 15, 8, 14], [9, 12, 10, 13], [11, 2, 12, 3], [13, 1, 14, 20], [15, 7, 16, 6], [17, 5, 18, 4], [19, 9, 20, 8]]
mK10a11: [[2, 16, 3, 15], [4, 14, 5, 13], [6, 1, 7, 2], [8, 17, 9, 18], [10, 19, 11, 20], [12, 6, 13, 5], [14, 4, 15, 3], [16, 11, 17, 12], [18, 9, 19, 10], [20, 7, 1, 8]]
mK10a12: [[2, 12, 3, 11], [4, 17, 5, 18], [6, 14, 7, 13], [8, 20, 9, 19], [10, 2, 11, 1], [12, 8, 13, 7], [14, 6, 15, 5], [16, 3, 17, 4], [18, 15, 19, 16], [20, 10, 1, 9]]
mK10a13: [[2, 18, 3, 17], [4, 7, 5, 8], [6, 14, 7, 13], [8, 1, 9, 2], [10, 19, 11, 20], [12, 15, 13, 16], [14, 6, 15, 5], [16, 4, 17, 3], [18, 11, 19, 12], [20, 9, 1, 10]]
mK10a14: [[1, 15, 2, 14], [3, 16, 4, 17], [5, 10, 6, 11], [7, 18, 8, 19], [9, 20, 10, 1], [11, 4, 12, 5], [13, 3, 14, 2], [15, 12, 16, 13], [17, 6, 18, 7], [19, 8, 20, 9]]
mK10a15: [[2, 5, 3, 6], [4, 15, 5, 16], [6, 1, 7, 2], [8, 18, 9, 17], [10, 20, 11, 19], [12, 8, 13, 7], [14, 3, 15, 4], [16, 13, 17, 14], [18, 10, 19, 9], [20, 12, 1, 11]]
mK10a16: [[1, 11, 2, 10], [3, 14, 4, 15], [5, 16, 6, 17], [7, 18, 8, 19], [9, 3, 10, 2], [11, 1, 12, 20], [13, 8, 14, 9], [15, 6, 16, 7], [17, 4, 18, 5], [19, 13, 20, 12]]
mK10a17: [[6, 1, 7, 2], [12, 3, 13, 4], [20, 16, 1, 15], [16, 8, 17, 7], [18, 10, 19, 9], [8, 18, 9, 17], [10, 20, 11, 19], [14, 5, 15, 6], [2, 11, 3, 12], [4, 13, 5, 14]]
mK10a18: [[2, 13, 3, 14], [4, 9, 5, 10], [6, 18, 7, 17], [8, 16, 9, 15], [10, 19, 11, 20], [12, 1, 13, 2], [14, 11, 15, 12], [16, 8, 17, 7], [18, 6, 19, 5], [20, 3, 1, 4]]
mK10a19: [[1, 12, 2, 13], [3, 14, 4, 15], [5, 11, 6, 10], [7, 17, 8, 16], [9, 19, 10, 18], [11, 20, 12, 1], [13, 2, 14, 3], [15, 9, 16, 8], [17, 7, 18, 6], [19, 4, 20, 5]]
mK10a20: [[2, 7, 3, 8], [4, 16, 5, 15], [6, 3, 7, 4], [8, 1, 9, 2], [10, 17, 11, 18], [12, 19, 13, 20], [14, 6, 15, 5], [16, 13, 17, 14], [18, 11, 19, 12], [20, 9, 1, 10]]
mK10a21: [[1, 14, 2, 15], [3, 12, 4, 13], [5, 16, 6, 17], [7, 10, 8, 11], [9, 19, 10, 18], [11, 20, 12, 1], [13, 2, 14, 3], [15, 4, 16, 5], [17, 6, 18, 7], [19, 9, 20, 8]]
mK10a22: [[2, 12, 3, 11], [4, 17, 5, 18], [6, 15, 7, 16], [8, 13, 9, 14], [10, 2, 11, 1], [12, 20, 13, 19], [14, 5, 15, 6], [16, 7, 17, 8], [18, 3, 19, 4], [20, 10, 1, 9]]
mK10a23: [[2, 14, 3, 13], [4, 12, 5, 11], [6, 17, 7, 18], [8, 20, 9, 19], [10, 2, 11, 1], [12, 4, 13, 3], [14, 8, 15, 7], [16, 5, 17, 6], [18, 15, 19, 16], [20, 10, 1, 9]]
mK10a24: [[2, 13, 3, 14], [4, 9, 5, 10], [6, 18, 7, 17], [8, 5, 9, 6], [10, 3, 11, 4], [12, 19, 13, 20], [14, 1, 15, 2], [16, 8, 17, 7], [18, 11, 19, 12], [20, 15, 1, 16]]
mK10a25: [[1, 10, 2, 11], [3, 14, 4, 15], [5, 12, 6, 13], [7, 19, 8, 18], [9, 20, 10, 1], [11, 4, 12, 5], [13, 6, 14, 7], [15, 2, 16, 3], [17, 9, 18, 8], [19, 16, 20, 17]]
mK10a26: [[1, 13, 2, 12], [3, 15, 4, 14], [5, 16, 6, 17], [7, 18, 8, 19], [9, 20, 10, 1], [11, 5, 12, 4], [13, 3, 14, 2], [15, 10, 16, 11], [17, 8, 18, 9], [19, 6, 20, 7]]
mK10a27: [[1, 10, 2, 11], [3, 19, 4, 18], [5, 17, 6, 16], [7, 15, 8, 14], [9, 12, 10, 13], [11, 2, 12, 3], [13, 1, 14, 20], [15, 5, 16, 4], [17, 7, 18, 6], [19, 9, 20, 8]]
mK10a28: [[1, 8, 2, 9], [3, 17, 4, 16], [5, 15, 6, 14], [7, 10, 8, 11], [9, 2, 10, 3], [11, 1, 12, 20], [13, 19, 14, 18], [15, 5, 16, 4], [17, 7, 18, 6], [19, 13, 20, 12]]
mK10a29: [[2, 16, 3, 15], [4, 1, 5, 2], [6, 12, 7, 11], [8, 17, 9, 18], [10, 19, 11, 20], [12, 6, 13, 5], [14, 4, 15, 3], [16, 13, 17, 14], [18, 9, 19, 10], [20, 7, 1, 8]]
mK10a30: [[1, 15, 2, 14], [3, 16, 4, 17], [5, 10, 6, 11], [7, 18, 8, 19], [9, 20, 10, 1], [11, 4, 12, 5], [13, 3, 14, 2], [15, 12, 16, 13], [17, 8, 18, 9], [19, 6, 20, 7]]
mK10a31: [[2, 5, 3, 6], [4, 15, 5, 16], [6, 1, 7, 2], [8, 18, 9, 17], [10, 20, 11, 19], [12, 8, 13, 7], [14, 3, 15, 4], [16, 13, 17, 14], [18, 12, 19, 11], [20, 10, 1, 9]]
mK10a32: [[2, 13, 3, 14], [4, 9, 5, 10], [6, 16, 7, 15], [8, 18, 9, 17], [10, 19, 11, 20], [12, 1, 13, 2], [14, 11, 15, 12], [16, 8, 17, 7], [18, 6, 19, 5], [20, 3, 1, 4]]
mK10a33: [[6, 1, 7, 2], [14, 5, 15, 6], [20, 16, 1, 15], [16, 8, 17, 7], [8, 20, 9, 19], [18, 10, 19, 9], [10, 18, 11, 17], [2, 13, 3, 14], [12, 3, 13, 4], [4, 11, 5, 12]]
mK10a34: [[1, 6, 2, 7], [3, 15, 4, 14], [5, 8, 6, 9], [7, 2, 8, 3], [9, 1, 10, 20], [11, 19, 12, 18], [13, 17, 14, 16], [15, 5, 16, 4], [17, 13, 18, 12], [19, 11, 20, 10]]
mK10a35: [[1, 10, 2, 11], [3, 19, 4, 18], [5, 2, 6, 3], [7, 15, 8, 14], [9, 13, 10, 12], [11, 20, 12, 1], [13, 9, 14, 8], [15, 7, 16, 6], [17, 5, 18, 4], [19, 16, 20, 17]]
mK10a36: [[2, 16, 3, 15], [4, 13, 5, 14], [6, 11, 7, 12], [8, 17, 9, 18], [10, 7, 11, 8], [12, 5, 13, 6], [14, 19, 15, 20], [16, 2, 17, 1], [18, 9, 19, 10], [20, 3, 1, 4]]
mK10a37: [[4, 1, 5, 2], [10, 3, 11, 4], [12, 7, 13, 8], [8, 11, 9, 12], [18, 16, 19, 15], [16, 6, 17, 5], [6, 18, 7, 17], [20, 14, 1, 13], [14, 20, 15, 19], [2, 9, 3, 10]]
mK10a38: [[2, 15, 3, 16], [4, 11, 5, 12], [6, 9, 7, 10], [8, 18, 9, 17], [10, 5, 11, 6], [12, 19, 13, 20], [14, 1, 15, 2], [16, 13, 17, 14], [18, 8, 19, 7], [20, 3, 1, 4]]
mK10a39: [[1, 15, 2, 14], [3, 16, 4, 17], [5, 18, 6, 19], [7, 10, 8, 11], [9, 20, 10, 1], [11, 6, 12, 7], [13, 3, 14, 2], [15, 12, 16, 13], [17, 4, 18, 5], [19, 8, 20, 9]]
mK10a40: [[2, 12, 3, 11], [4, 17, 5, 18], [6, 20, 7, 19], [8, 14, 9, 13], [10, 2, 11, 1], [12, 10, 13, 9], [14, 6, 15, 5], [16, 3, 17, 4], [18, 15, 19, 16], [20, 8, 1, 7]]
mK10a41: [[1, 15, 2, 14], [3, 16, 4, 17], [5, 11, 6, 10], [7, 18, 8, 19], [9, 7, 10, 6], [11, 20, 12, 1], [13, 3, 14, 2], [15, 12, 16, 13], [17, 8, 18, 9], [19, 4, 20, 5]]
mK10a42: [[1, 8, 2, 9], [3, 19, 4, 18], [5, 15, 6, 14], [7, 10, 8, 11], [9, 2, 10, 3], [11, 1, 12, 20], [13, 16, 14, 17], [15, 5, 16, 4], [17, 12, 18, 13], [19, 7, 20, 6]]
mK10a43: [[4, 1, 5, 2], [10, 3, 11, 4], [14, 7, 15, 8], [20, 12, 1, 11], [12, 20, 13, 19], [8, 13, 9, 14], [18, 16, 19, 15], [16, 6, 17, 5], [6, 18, 7, 17], [2, 9, 3, 10]]
mK10a44: [[1, 15, 2, 14], [3, 16, 4, 17], [5, 1, 6, 20], [7, 18, 8, 19], [9, 6, 10, 7], [11, 4, 12, 5], [13, 3, 14, 2], [15, 12, 16, 13], [17, 11, 18, 10], [19, 8, 20, 9]]
mK10a45: [[4, 1, 5, 2], [12, 5, 13, 6], [10, 4, 11, 3], [2, 12, 3, 11], [20, 13, 1, 14], [14, 8, 15, 7], [6, 20, 7, 19], [18, 16, 19, 15], [16, 9, 17, 10], [8, 17, 9, 18]]
mK10a46: [[1, 14, 2, 15], [3, 8, 4, 9], [5, 10, 6, 11], [7, 17, 8, 16], [9, 4, 10, 5], [11, 18, 12, 19], [13, 20, 14, 1], [15, 2, 16, 3], [17, 7, 18, 6], [19, 12, 20, 13]]
mK10a47: [[2, 10, 3, 9], [4, 12, 5, 11], [6, 18, 7, 17], [8, 2, 9, 1], [10, 4, 11, 3], [12, 6, 13, 5], [14, 19, 15, 20], [16, 13, 17, 14], [18, 8, 19, 7], [20, 15, 1, 16]]
mK10a48: [[6, 1, 7, 2], [8, 3, 9, 4], [14, 5, 15, 6], [20, 16, 1, 15], [16, 10, 17, 9], [18, 12, 19, 11], [10, 18, 11, 17], [12, 20, 13, 19], [2, 7, 3, 8], [4, 13, 5, 14]]
mK10a49: [[1, 6, 2, 7], [3, 16, 4, 17], [5, 8, 6, 9], [7, 2, 8, 3], [9, 14, 10, 15], [11, 18, 12, 19], [13, 20, 14, 1], [15, 4, 16, 5], [17, 10, 18, 11], [19, 12, 20, 13]]
mK10a50: [[1, 11, 2, 10], [3, 18, 4, 19], [5, 12, 6, 13], [7, 14, 8, 15], [9, 16, 10, 17], [11, 1, 12, 20], [13, 8, 14, 9], [15, 6, 16, 7], [17, 2, 18, 3], [19, 4, 20, 5]]
mK10a51: [[2, 17, 3, 18], [4, 12, 5, 11], [6, 14, 7, 13], [8, 16, 9, 15], [10, 20, 11, 19], [12, 8, 13, 7], [14, 6, 15, 5], [16, 1, 17, 2], [18, 10, 19, 9], [20, 3, 1, 4]]
mK10a52: [[1, 12, 2, 13], [3, 18, 4, 19], [5, 11, 6, 10], [7, 15, 8, 14], [9, 17, 10, 16], [11, 20, 12, 1], [13, 9, 14, 8], [15, 7, 16, 6], [17, 2, 18, 3], [19, 4, 20, 5]]
mK10a53: [[1, 6, 2, 7], [3, 16, 4, 17], [5, 8, 6, 9], [7, 2, 8, 3], [9, 14, 10, 15], [11, 18, 12, 19], [13, 20, 14, 1], [15, 4, 16, 5], [17, 12, 18, 13], [19, 10, 20, 11]]
mK10a54: [[2, 15, 3, 16], [4, 10, 5, 9], [6, 12, 7, 11], [8, 20, 9, 19], [10, 6, 11, 5], [12, 17, 13, 18], [14, 1, 15, 2], [16, 13, 17, 14], [18, 8, 19, 7], [20, 3, 1, 4]]
mK10a55: [[2, 9, 3, 10], [4, 17, 5, 18], [6, 11, 7, 12], [8, 1, 9, 2], [10, 7, 11, 8], [12, 5, 13, 6], [14, 19, 15, 20], [16, 13, 17, 14], [18, 3, 19, 4], [20, 15, 1, 16]]
mK10a56: [[2, 15, 3, 16], [4, 9, 5, 10], [6, 11, 7, 12], [8, 18, 9, 17], [10, 5, 11, 6], [12, 19, 13, 20], [14, 1, 15, 2], [16, 13, 17, 14], [18, 8, 19, 7], [20, 3, 1, 4]]
mK10a57: [[1, 5, 2, 4], [3, 17, 4, 16], [5, 1, 6, 20], [7, 12, 8, 13], [9, 6, 10, 7], [11, 19, 12, 18], [13, 8, 14, 9], [15, 3, 16, 2], [17, 11, 18, 10], [19, 15, 20, 14]]
mK10a58: [[2, 16, 3, 15], [4, 9, 5, 10], [6, 14, 7, 13], [8, 5, 9, 6], [10, 19, 11, 20], [12, 8, 13, 7], [14, 17, 15, 18], [16, 2, 17, 1], [18, 11, 19, 12], [20, 3, 1, 4]]
mK10a59: [[1, 5, 2, 4], [3, 16, 4, 17], [5, 1, 6, 20], [7, 15, 8, 14], [9, 6, 10, 7], [11, 18, 12, 19], [13, 9, 14, 8], [15, 10, 16, 11], [17, 2, 18, 3], [19, 12, 20, 13]]
mK10a60: [[2, 16, 3, 15], [4, 7, 5, 8], [6, 12, 7, 11], [8, 13, 9, 14], [10, 18, 11, 17], [12, 6, 13, 5], [14, 19, 15, 20], [16, 2, 17, 1], [18, 10, 19, 9], [20, 3, 1, 4]]
mK10a61: [[1, 8, 2, 9], [3, 17, 4, 16], [5, 15, 6, 14], [7, 20, 8, 1], [9, 2, 10, 3], [11, 18, 12, 19], [13, 7, 14, 6], [15, 5, 16, 4], [17, 10, 18, 11], [19, 12, 20, 13]]
mK10a62: [[2, 12, 3, 11], [4, 17, 5, 18], [6, 14, 7, 13], [8, 20, 9, 19], [10, 2, 11, 1], [12, 6, 13, 5], [14, 8, 15, 7], [16, 3, 17, 4], [18, 15, 19, 16], [20, 10, 1, 9]]
mK10a63: [[1, 8, 2, 9], [3, 18, 4, 19], [5, 16, 6, 17], [7, 10, 8, 11], [9, 2, 10, 3], [11, 14, 12, 15], [13, 20, 14, 1], [15, 6, 16, 7], [17, 4, 18, 5], [19, 12, 20, 13]]
mK10a64: [[2, 12, 3, 11], [4, 17, 5, 18], [6, 13, 7, 14], [8, 15, 9, 16], [10, 2, 11, 1], [12, 20, 13, 19], [14, 7, 15, 8], [16, 3, 17, 4], [18, 5, 19, 6], [20, 10, 1, 9]]
mK10a65: [[1, 8, 2, 9], [3, 17, 4, 16], [5, 15, 6, 14], [7, 10, 8, 11], [9, 2, 10, 3], [11, 19, 12, 18], [13, 1, 14, 20], [15, 5, 16, 4], [17, 7, 18, 6], [19, 13, 20, 12]]
mK10a66: [[1, 10, 2, 11], [3, 12, 4, 13], [5, 18, 6, 19], [7, 14, 8, 15], [9, 4, 10, 5], [11, 2, 12, 3], [13, 16, 14, 17], [15, 8, 16, 9], [17, 20, 18, 1], [19, 6, 20, 7]]
mK10a67: [[1, 15, 2, 14], [3, 18, 4, 19], [5, 16, 6, 17], [7, 10, 8, 11], [9, 20, 10, 1], [11, 6, 12, 7], [13, 3, 14, 2], [15, 12, 16, 13], [17, 4, 18, 5], [19, 8, 20, 9]]
mK10a68: [[1, 10, 2, 11], [3, 17, 4, 16], [5, 15, 6, 14], [7, 19, 8, 18], [9, 12, 10, 13], [11, 2, 12, 3], [13, 1, 14, 20], [15, 5, 16, 4], [17, 9, 18, 8], [19, 7, 20, 6]]
mK10a69: [[2, 14, 3, 13], [4, 18, 5, 17], [6, 1, 7, 2], [8, 20, 9, 19], [10, 8, 11, 7], [12, 4, 13, 3], [14, 11, 15, 12], [16, 6, 17, 5], [18, 15, 19, 16], [20, 10, 1, 9]]
mK10a70: [[2, 16, 3, 15], [4, 12, 5, 11], [6, 14, 7, 13], [8, 19, 9, 20], [10, 8, 11, 7], [12, 6, 13, 5], [14, 17, 15, 18], [16, 2, 17, 1], [18, 9, 19, 10], [20, 3, 1, 4]]
mK10a71: [[1, 5, 2, 4], [3, 9, 4, 8], [11, 14, 12, 15], [5, 12, 6, 13], [13, 6, 14, 7], [9, 18, 10, 19], [15, 1, 16, 20], [19, 17, 20, 16], [17, 10, 18, 11], [7, 3, 8, 2]]
mK10a72: [[2, 16, 3, 15], [4, 11, 5, 12], [6, 13, 7, 14], [8, 17, 9, 18], [10, 7, 11, 8], [12, 5, 13, 6], [14, 19, 15, 20], [16, 2, 17, 1], [18, 9, 19, 10], [20, 3, 1, 4]]
mK10a73: [[2, 16, 3, 15], [4, 8, 5, 7], [6, 14, 7, 13], [8, 11, 9, 12], [10, 18, 11, 17], [12, 6, 13, 5], [14, 19, 15, 20], [16, 2, 17, 1], [18, 10, 19, 9], [20, 3, 1, 4]]
mK10a74: [[1, 13, 2, 12], [3, 14, 4, 15], [5, 16, 6, 17], [7, 20, 8, 1], [9, 18, 10, 19], [11, 3, 12, 2], [13, 10, 14, 11], [15, 6, 16, 7], [17, 4, 18, 5], [19, 8, 20, 9]]
mK10a75: [[1, 15, 2, 14], [3, 16, 4, 17], [5, 19, 6, 18], [7, 4, 8, 5], [9, 1, 10, 20], [11, 8, 12, 9], [13, 3, 14, 2], [15, 12, 16, 13], [17, 7, 18, 6], [19, 11, 20, 10]]
mK10a76: [[2, 12, 3, 11], [4, 17, 5, 18], [6, 19, 7, 20], [8, 13, 9, 14], [10, 15, 11, 16], [12, 2, 13, 1], [14, 9, 15, 10], [16, 7, 17, 8], [18, 5, 19, 6], [20, 3, 1, 4]]
mK10a77: [[1, 6, 2, 7], [3, 15, 4, 14], [5, 8, 6, 9], [7, 2, 8, 3], [9, 19, 10, 18], [11, 1, 12, 20], [13, 17, 14, 16], [15, 5, 16, 4], [17, 13, 18, 12], [19, 11, 20, 10]]
mK10a78: [[1, 6, 2, 7], [3, 16, 4, 17], [5, 8, 6, 9], [7, 2, 8, 3], [9, 12, 10, 13], [11, 20, 12, 1], [13, 19, 14, 18], [15, 4, 16, 5], [17, 15, 18, 14], [19, 10, 20, 11]]
mK10a79: [[6, 1, 7, 2], [8, 3, 9, 4], [12, 5, 13, 6], [18, 14, 19, 13], [16, 10, 17, 9], [10, 18, 11, 17], [20, 16, 1, 15], [14, 20, 15, 19], [2, 7, 3, 8], [4, 11, 5, 12]]
mK10a80: [[1, 16, 2, 17], [3, 10, 4, 11], [5, 18, 6, 19], [7, 12, 8, 13], [9, 4, 10, 5], [11, 14, 12, 15], [13, 8, 14, 9], [15, 20, 16, 1], [17, 2, 18, 3], [19, 6, 20, 7]]
mK10a81: [[4, 1, 5, 2], [8, 3, 9, 4], [12, 5, 13, 6], [16, 10, 17, 9], [20, 18, 1, 17], [18, 14, 19, 13], [14, 20, 15, 19], [10, 16, 11, 15], [6, 11, 7, 12], [2, 7, 3, 8]]
mK10a82: [[1, 13, 2, 12], [3, 14, 4, 15], [5, 18, 6, 19], [7, 20, 8, 1], [9, 3, 10, 2], [11, 17, 12, 16], [13, 8, 14, 9], [15, 11, 16, 10], [17, 4, 18, 5], [19, 6, 20, 7]]
mK10a83: [[2, 8, 3, 7], [4, 9, 5, 10], [6, 2, 7, 1], [8, 15, 9, 16], [10, 18, 11, 17], [12, 20, 13, 19], [14, 5, 15, 6], [16, 4, 17, 3], [18, 14, 19, 13], [20, 12, 1, 11]]
mK10a84: [[2, 9, 3, 10], [4, 1, 5, 2], [6, 14, 7, 13], [8, 11, 9, 12], [10, 3, 11, 4], [12, 18, 13, 17], [14, 19, 15, 20], [16, 8, 17, 7], [18, 5, 19, 6], [20, 15, 1, 16]]
mK10a85: [[2, 8, 3, 7], [4, 9, 5, 10], [6, 2, 7, 1], [8, 15, 9, 16], [10, 18, 11, 17], [12, 20, 13, 19], [14, 5, 15, 6], [16, 4, 17, 3], [18, 12, 19, 11], [20, 14, 1, 13]]
mK10a86: [[2, 8, 3, 7], [4, 9, 5, 10], [6, 2, 7, 1], [8, 16, 9, 15], [10, 17, 11, 18], [12, 19, 13, 20], [14, 3, 15, 4], [16, 6, 17, 5], [18, 13, 19, 14], [20, 11, 1, 12]]
mK10a87: [[2, 12, 3, 11], [4, 13, 5, 14], [6, 2, 7, 1], [8, 15, 9, 16], [10, 7, 11, 8], [12, 20, 13, 19], [14, 17, 15, 18], [16, 9, 17, 10], [18, 3, 19, 4], [20, 6, 1, 5]]
mK10a88: [[4, 1, 5, 2], [20, 13, 1, 14], [8, 4, 9, 3], [2, 10, 3, 9], [14, 8, 15, 7], [18, 16, 19, 15], [12, 5, 13, 6], [10, 17, 11, 18], [16, 11, 17, 12], [6, 20, 7, 19]]
mK10a89: [[2, 8, 3, 7], [4, 14, 5, 13], [6, 11, 7, 12], [8, 2, 9, 1], [10, 16, 11, 15], [12, 20, 13, 19], [14, 17, 15, 18], [16, 10, 17, 9], [18, 6, 19, 5], [20, 3, 1, 4]]
mK10a90: [[2, 10, 3, 9], [4, 14, 5, 13], [6, 19, 7, 20], [8, 15, 9, 16], [10, 4, 11, 3], [12, 17, 13, 18], [14, 2, 15, 1], [16, 11, 17, 12], [18, 7, 19, 8], [20, 5, 1, 6]]
mK10a91: [[6, 1, 7, 2], [20, 5, 1, 6], [16, 10, 17, 9], [10, 4, 11, 3], [2, 17, 3, 18], [14, 8, 15, 7], [8, 16, 9, 15], [12, 19, 13, 20], [18, 11, 19, 12], [4, 14, 5, 13]]
mK10a92: [[1, 8, 2, 9], [3, 18, 4, 19], [5, 13, 6, 12], [7, 10, 8, 11], [9, 2, 10, 3], [11, 16, 12, 17], [13, 5, 14, 4], [15, 20, 16, 1], [17, 6, 18, 7], [19, 14, 20, 15]]
mK10a93: [[2, 18, 3, 17], [4, 11, 5, 12], [6, 19, 7, 20], [8, 16, 9, 15], [10, 5, 11, 6], [12, 3, 13, 4], [14, 8, 15, 7], [16, 2, 17, 1], [18, 14, 19, 13], [20, 9, 1, 10]]
mK10a94: [[1, 8, 2, 9], [3, 11, 4, 10], [5, 15, 6, 14], [7, 20, 8, 1], [9, 16, 10, 17], [11, 5, 12, 4], [13, 18, 14, 19], [15, 3, 16, 2], [17, 12, 18, 13], [19, 6, 20, 7]]
mK10a95: [[2, 15, 3, 16], [4, 12, 5, 11], [6, 18, 7, 17], [8, 14, 9, 13], [10, 20, 11, 19], [12, 8, 13, 7], [14, 1, 15, 2], [16, 10, 17, 9], [18, 6, 19, 5], [20, 3, 1, 4]]
mK10a96: [[1, 17, 2, 16], [3, 11, 4, 10], [5, 20, 6, 1], [7, 13, 8, 12], [9, 5, 10, 4], [11, 18, 12, 19], [13, 7, 14, 6], [15, 3, 16, 2], [17, 14, 18, 15], [19, 8, 20, 9]]
mK10a97: [[2, 11, 3, 12], [4, 17, 5, 18], [6, 14, 7, 13], [8, 5, 9, 6], [10, 19, 11, 20], [12, 8, 13, 7], [14, 1, 15, 2], [16, 9, 17, 10], [18, 3, 19, 4], [20, 15, 1, 16]]
mK10a98: [[1, 11, 2, 10], [3, 16, 4, 17], [5, 12, 6, 13], [7, 18, 8, 19], [9, 14, 10, 15], [11, 1, 12, 20], [13, 6, 14, 7], [15, 2, 16, 3], [17, 8, 18, 9], [19, 4, 20, 5]]
mK10a99: [[6, 1, 7, 2], [10, 3, 11, 4], [16, 12, 17, 11], [14, 8, 15, 7], [8, 16, 9, 15], [20, 14, 1, 13], [12, 20, 13, 19], [18, 5, 19, 6], [2, 9, 3, 10], [4, 17, 5, 18]]
mK10a100: [[2, 10, 3, 9], [4, 18, 5, 17], [6, 11, 7, 12], [8, 2, 9, 1], [10, 15, 11, 16], [12, 20, 13, 19], [14, 7, 15, 8], [16, 4, 17, 3], [18, 6, 19, 5], [20, 14, 1, 13]]
mK10a101: [[2, 11, 3, 12], [4, 17, 5, 18], [6, 13, 7, 14], [8, 19, 9, 20], [10, 5, 11, 6], [12, 1, 13, 2], [14, 9, 15, 10], [16, 3, 17, 4], [18, 15, 19, 16], [20, 7, 1, 8]]
mK10a102: [[2, 10, 3, 9], [4, 11, 5, 12], [6, 17, 7, 18], [8, 15, 9, 16], [10, 20, 11, 19], [12, 5, 13, 6], [14, 2, 15, 1], [16, 7, 17, 8], [18, 3, 19, 4], [20, 14, 1, 13]]
mK10a103: [[2, 10, 3, 9], [4, 18, 5, 17], [6, 11, 7, 12], [8, 2, 9, 1], [10, 15, 11, 16], [12, 20, 13, 19], [14, 7, 15, 8], [16, 6, 17, 5], [18, 4, 19, 3], [20, 14, 1, 13]]
mK10a104: [[6, 1, 7, 2], [16, 3, 17, 4], [18, 10, 19, 9], [14, 8, 15, 7], [20, 14, 1, 13], [8, 18, 9, 17], [10, 20, 11, 19], [12, 5, 13, 6], [4, 11, 5, 12], [2, 15, 3, 16]]
mK10a105: [[1, 10, 2, 11], [3, 17, 4, 16], [5, 20, 6, 1], [7, 19, 8, 18], [9, 12, 10, 13], [11, 2, 12, 3], [13, 6, 14, 7], [15, 5, 16, 4], [17, 9, 18, 8], [19, 14, 20, 15]]
mK10a106: [[1, 14, 2, 15], [3, 11, 4, 10], [5, 16, 6, 17], [7, 12, 8, 13], [9, 3, 10, 2], [11, 19, 12, 18], [13, 20, 14, 1], [15, 4, 16, 5], [17, 6, 18, 7], [19, 9, 20, 8]]
mK10a107: [[1, 10, 2, 11], [3, 17, 4, 16], [5, 20, 6, 1], [7, 15, 8, 14], [9, 12, 10, 13], [11, 2, 12, 3], [13, 19, 14, 18], [15, 5, 16, 4], [17, 9, 18, 8], [19, 6, 20, 7]]
mK10a108: [[1, 14, 2, 15], [3, 10, 4, 11], [5, 13, 6, 12], [7, 17, 8, 16], [9, 2, 10, 3], [11, 19, 12, 18], [13, 20, 14, 1], [15, 9, 16, 8], [17, 7, 18, 6], [19, 4, 20, 5]]
mK10a109: [[6, 1, 7, 2], [10, 3, 11, 4], [18, 12, 19, 11], [16, 8, 17, 7], [8, 18, 9, 17], [20, 16, 1, 15], [12, 20, 13, 19], [14, 5, 15, 6], [2, 9, 3, 10], [4, 13, 5, 14]]
mK10a110: [[1, 15, 2, 14], [3, 11, 4, 10], [5, 20, 6, 1], [7, 16, 8, 17], [9, 5, 10, 4], [11, 18, 12, 19], [13, 3, 14, 2], [15, 6, 16, 7], [17, 12, 18, 13], [19, 8, 20, 9]]
mK10a111: [[1, 8, 2, 9], [3, 18, 4, 19], [5, 10, 6, 11], [7, 15, 8, 14], [9, 2, 10, 3], [11, 16, 12, 17], [13, 20, 14, 1], [15, 7, 16, 6], [17, 4, 18, 5], [19, 12, 20, 13]]
mK10a112: [[2, 9, 3, 10], [4, 12, 5, 11], [6, 20, 7, 19], [8, 13, 9, 14], [10, 16, 11, 15], [12, 17, 13, 18], [14, 2, 15, 1], [16, 3, 17, 4], [18, 6, 19, 5], [20, 8, 1, 7]]
mK10a113: [[2, 7, 3, 8], [4, 13, 5, 14], [6, 12, 7, 11], [8, 15, 9, 16], [10, 1, 11, 2], [12, 20, 13, 19], [14, 17, 15, 18], [16, 9, 17, 10], [18, 3, 19, 4], [20, 6, 1, 5]]
mK10a114: [[1, 9, 2, 8], [3, 10, 4, 11], [5, 15, 6, 14], [7, 13, 8, 12], [9, 16, 10, 17], [11, 19, 12, 18], [13, 7, 14, 6], [15, 20, 16, 1], [17, 3, 18, 2], [19, 4, 20, 5]]
mK10a115: [[6, 1, 7, 2], [14, 5, 15, 6], [20, 16, 1, 15], [16, 8, 17, 7], [8, 20, 9, 19], [18, 12, 19, 11], [10, 3, 11, 4], [4, 9, 5, 10], [12, 18, 13, 17], [2, 13, 3, 14]]
mK10a116: [[2, 15, 3, 16], [4, 18, 5, 17], [6, 11, 7, 12], [8, 2, 9, 1], [10, 3, 11, 4], [12, 20, 13, 19], [14, 7, 15, 8], [16, 10, 17, 9], [18, 6, 19, 5], [20, 14, 1, 13]]
mK10a117: [[1, 15, 2, 14], [3, 9, 4, 8], [5, 19, 6, 18], [7, 16, 8, 17], [9, 1, 10, 20], [11, 5, 12, 4], [13, 6, 14, 7], [15, 3, 16, 2], [17, 12, 18, 13], [19, 11, 20, 10]]
mK10a118: [[6, 1, 7, 2], [18, 5, 19, 6], [20, 14, 1, 13], [12, 20, 13, 19], [14, 8, 15, 7], [8, 4, 9, 3], [2, 15, 3, 16], [10, 17, 11, 18], [16, 9, 17, 10], [4, 12, 5, 11]]
mK10a119: [[1, 17, 2, 16], [3, 11, 4, 10], [5, 20, 6, 1], [7, 3, 8, 2], [9, 15, 10, 14], [11, 18, 12, 19], [13, 5, 14, 4], [15, 9, 16, 8], [17, 6, 18, 7], [19, 12, 20, 13]]
mK10a120: [[2, 9, 3, 10], [4, 17, 5, 18], [6, 11, 7, 12], [8, 3, 9, 4], [10, 15, 11, 16], [12, 19, 13, 20], [14, 7, 15, 8], [16, 1, 17, 2], [18, 13, 19, 14], [20, 5, 1, 6]]
mK10a121: [[2, 12, 3, 11], [4, 9, 5, 10], [6, 1, 7, 2], [8, 15, 9, 16], [10, 18, 11, 17], [12, 7, 13, 8], [14, 19, 15, 20], [16, 4, 17, 3], [18, 5, 19, 6], [20, 13, 1, 14]]
mK10a122: [[1, 9, 2, 8], [3, 10, 4, 11], [5, 13, 6, 12], [7, 17, 8, 16], [9, 14, 10, 15], [11, 19, 12, 18], [13, 20, 14, 1], [15, 3, 16, 2], [17, 7, 18, 6], [19, 4, 20, 5]]
mK10a123: [[8, 1, 9, 2], [10, 4, 11, 3], [12, 5, 13, 6], [4, 17, 5, 18], [18, 12, 19, 11], [2, 16, 3, 15], [16, 9, 17, 10], [20, 13, 1, 14], [14, 8, 15, 7], [6, 20, 7, 19]]
mK10n1: [[1, 8, 2, 9], [3, 10, 4, 11], [5, 12, 6, 13], [7, 18, 8, 19], [9, 2, 10, 3], [11, 4, 12, 5], [14, 19, 15, 20], [16, 13, 17, 14], [17, 6, 18, 7], [20, 15, 1, 16]]
mK10n2: [[1, 4, 2, 5], [3, 8, 4, 9], [5, 14, 6, 15], [20, 16, 1, 15], [16, 10, 17, 9], [18, 12, 19, 11], [10, 18, 11, 17], [12, 20, 13, 19], [13, 6, 14, 7], [7, 2, 8, 3]]
mK10n3: [[1, 6, 2, 7], [4, 16, 5, 15], [5, 8, 6, 9], [7, 2, 8, 3], [10, 18, 11, 17], [12, 20, 13, 19], [14, 10, 15, 9], [16, 4, 17, 3], [18, 12, 19, 11], [20, 14, 1, 13]]
mK10n4: [[1, 6, 2, 7], [4, 16, 5, 15], [5, 8, 6, 9], [7, 2, 8, 3], [9, 14, 10, 15], [11, 18, 12, 19], [13, 20, 14, 1], [16, 4, 17, 3], [17, 10, 18, 11], [19, 12, 20, 13]]
mK10n5: [[1, 8, 2, 9], [3, 10, 4, 11], [5, 12, 6, 13], [7, 18, 8, 19], [9, 4, 10, 5], [11, 2, 12, 3], [14, 19, 15, 20], [16, 13, 17, 14], [17, 6, 18, 7], [20, 15, 1, 16]]
mK10n6: [[1, 6, 2, 7], [3, 16, 4, 17], [5, 8, 6, 9], [7, 2, 8, 3], [10, 20, 11, 19], [12, 18, 13, 17], [14, 10, 15, 9], [15, 4, 16, 5], [18, 12, 19, 11], [20, 14, 1, 13]]
mK10n7: [[1, 6, 2, 7], [4, 16, 5, 15], [5, 8, 6, 9], [7, 2, 8, 3], [10, 20, 11, 19], [12, 18, 13, 17], [14, 10, 15, 9], [16, 4, 17, 3], [18, 12, 19, 11], [20, 14, 1, 13]]
mK10n8: [[1, 6, 2, 7], [4, 16, 5, 15], [5, 8, 6, 9], [7, 2, 8, 3], [9, 14, 10, 15], [11, 18, 12, 19], [13, 20, 14, 1], [16, 4, 17, 3], [17, 12, 18, 13], [19, 10, 20, 11]]
mK10n9: [[1, 9, 2, 8], [3, 19, 4, 18], [5, 13, 6, 12], [7, 11, 8, 10], [9, 3, 10, 2], [11, 7, 12, 6], [14, 19, 15, 20], [16, 13, 17, 14], [17, 5, 18, 4], [20, 15, 1, 16]]
mK10n10: [[2, 15, 3, 16], [4, 1, 5, 2], [7, 12, 8, 13], [9, 6, 10, 7], [11, 19, 12, 18], [13, 8, 14, 9], [14, 19, 15, 20], [16, 3, 17, 4], [17, 11, 18, 10], [20, 5, 1, 6]]
mK10n11: [[2, 15, 3, 16], [4, 1, 5, 2], [7, 12, 8, 13], [9, 6, 10, 7], [10, 17, 11, 18], [13, 8, 14, 9], [14, 19, 15, 20], [16, 3, 17, 4], [18, 11, 19, 12], [20, 5, 1, 6]]
mK10n12: [[1, 5, 2, 4], [3, 17, 4, 16], [5, 1, 6, 20], [7, 12, 8, 13], [9, 6, 10, 7], [10, 17, 11, 18], [13, 8, 14, 9], [15, 3, 16, 2], [18, 11, 19, 12], [19, 15, 20, 14]]
mK10n13: [[2, 18, 3, 17], [4, 1, 5, 2], [7, 15, 8, 14], [9, 6, 10, 7], [12, 20, 13, 19], [13, 9, 14, 8], [15, 10, 16, 11], [16, 4, 17, 3], [18, 12, 19, 11], [20, 5, 1, 6]]
mK10n14: [[1, 14, 2, 15], [4, 7, 5, 8], [6, 20, 7, 19], [9, 16, 10, 17], [11, 9, 12, 8], [13, 2, 14, 3], [15, 10, 16, 11], [17, 13, 18, 12], [18, 3, 19, 4], [20, 6, 1, 5]]
mK10n15: [[1, 14, 2, 15], [4, 7, 5, 8], [6, 20, 7, 19], [8, 11, 9, 12], [10, 16, 11, 15], [12, 17, 13, 18], [13, 2, 14, 3], [16, 10, 17, 9], [18, 3, 19, 4], [20, 6, 1, 5]]
mK10n16: [[1, 10, 2, 11], [4, 17, 5, 18], [5, 12, 6, 13], [7, 14, 8, 15], [9, 20, 10, 1], [11, 2, 12, 3], [13, 6, 14, 7], [16, 3, 17, 4], [18, 15, 19, 16], [19, 8, 20, 9]]
mK10n17: [[1, 14, 2, 15], [3, 11, 4, 10], [5, 13, 6, 12], [6, 17, 7, 18], [8, 15, 9, 16], [11, 5, 12, 4], [13, 20, 14, 1], [16, 7, 17, 8], [18, 9, 19, 10], [19, 2, 20, 3]]
mK10n18: [[2, 12, 3, 11], [4, 10, 5, 9], [5, 18, 6, 19], [7, 14, 8, 15], [10, 2, 11, 1], [12, 4, 13, 3], [13, 16, 14, 17], [15, 8, 16, 9], [17, 20, 18, 1], [19, 6, 20, 7]]
mK10n19: [[1, 14, 2, 15], [4, 11, 5, 12], [6, 17, 7, 18], [8, 15, 9, 16], [10, 3, 11, 4], [12, 5, 13, 6], [13, 20, 14, 1], [16, 7, 17, 8], [18, 9, 19, 10], [19, 2, 20, 3]]
mK10n20: [[2, 12, 3, 11], [4, 10, 5, 9], [6, 20, 7, 19], [7, 14, 8, 15], [10, 2, 11, 1], [12, 4, 13, 3], [13, 16, 14, 17], [15, 8, 16, 9], [18, 6, 19, 5], [20, 18, 1, 17]]
mK10n21: [[1, 8, 2, 9], [3, 17, 4, 16], [5, 15, 6, 14], [7, 10, 8, 11], [9, 2, 10, 3], [12, 19, 13, 20], [15, 5, 16, 4], [17, 7, 18, 6], [18, 11, 19, 12], [20, 13, 1, 14]]
mK10n22: [[1, 15, 2, 14], [3, 19, 4, 18], [6, 14, 7, 13], [8, 5, 9, 6], [9, 17, 10, 16], [11, 3, 12, 2], [12, 8, 13, 7], [15, 1, 16, 20], [17, 5, 18, 4], [19, 11, 20, 10]]
mK10n23: [[1, 15, 2, 14], [4, 9, 5, 10], [6, 13, 7, 14], [8, 18, 9, 17], [10, 3, 11, 4], [12, 7, 13, 8], [15, 1, 16, 20], [16, 12, 17, 11], [18, 6, 19, 5], [19, 2, 20, 3]]
mK10n24: [[2, 7, 3, 8], [3, 19, 4, 18], [6, 12, 7, 11], [8, 15, 9, 16], [10, 1, 11, 2], [13, 5, 14, 4], [14, 17, 15, 18], [16, 9, 17, 10], [19, 12, 20, 13], [20, 6, 1, 5]]
mK10n25: [[2, 18, 3, 17], [4, 10, 5, 9], [6, 20, 7, 19], [7, 12, 8, 13], [10, 4, 11, 3], [11, 14, 12, 15], [13, 8, 14, 9], [16, 2, 17, 1], [18, 6, 19, 5], [20, 16, 1, 15]]
mK10n26: [[1, 16, 2, 17], [4, 10, 5, 9], [5, 18, 6, 19], [7, 12, 8, 13], [10, 4, 11, 3], [11, 14, 12, 15], [13, 8, 14, 9], [15, 20, 16, 1], [17, 2, 18, 3], [19, 6, 20, 7]]
mK10n27: [[1, 16, 2, 17], [3, 6, 4, 7], [5, 20, 6, 1], [8, 13, 9, 14], [10, 7, 11, 8], [11, 19, 12, 18], [14, 9, 15, 10], [15, 2, 16, 3], [17, 13, 18, 12], [19, 4, 20, 5]]
mK10n28: [[2, 16, 3, 15], [4, 20, 5, 19], [6, 4, 7, 3], [8, 13, 9, 14], [10, 7, 11, 8], [11, 19, 12, 18], [14, 9, 15, 10], [16, 2, 17, 1], [17, 13, 18, 12], [20, 6, 1, 5]]
mK10n29: [[1, 6, 2, 7], [3, 8, 4, 9], [5, 18, 6, 19], [7, 2, 8, 3], [10, 15, 11, 16], [12, 19, 13, 20], [14, 9, 15, 10], [16, 11, 17, 12], [17, 4, 18, 5], [20, 13, 1, 14]]
mK10n30: [[2, 18, 3, 17], [3, 10, 4, 11], [6, 20, 7, 19], [7, 12, 8, 13], [9, 4, 10, 5], [11, 14, 12, 15], [13, 8, 14, 9], [16, 2, 17, 1], [18, 6, 19, 5], [20, 16, 1, 15]]
mK10n31: [[1, 16, 2, 17], [3, 6, 4, 7], [5, 20, 6, 1], [8, 13, 9, 14], [10, 7, 11, 8], [12, 17, 13, 18], [14, 9, 15, 10], [15, 2, 16, 3], [18, 11, 19, 12], [19, 4, 20, 5]]
mK10n32: [[1, 10, 2, 11], [3, 12, 4, 13], [5, 15, 6, 14], [6, 20, 7, 19], [9, 17, 10, 16], [11, 2, 12, 3], [13, 18, 14, 19], [15, 9, 16, 8], [17, 5, 18, 4], [20, 8, 1, 7]]
mK10n33: [[1, 12, 2, 13], [3, 9, 4, 8], [5, 15, 6, 14], [7, 19, 8, 18], [10, 16, 11, 15], [11, 20, 12, 1], [13, 7, 14, 6], [16, 10, 17, 9], [17, 5, 18, 4], [19, 2, 20, 3]]
mK10n34: [[2, 7, 3, 8], [3, 11, 4, 10], [5, 19, 6, 18], [8, 16, 9, 15], [11, 5, 12, 4], [14, 2, 15, 1], [16, 10, 17, 9], [17, 12, 18, 13], [19, 7, 20, 6], [20, 14, 1, 13]]
mK10n35: [[3, 8, 4, 9], [4, 12, 5, 11], [6, 19, 7, 20], [9, 16, 10, 17], [12, 6, 13, 5], [14, 2, 15, 1], [15, 10, 16, 11], [17, 2, 18, 3], [18, 7, 19, 8], [20, 14, 1, 13]]
mK10n36: [[2, 9, 3, 10], [4, 12, 5, 11], [5, 18, 6, 19], [7, 20, 8, 1], [8, 13, 9, 14], [10, 16, 11, 15], [12, 17, 13, 18], [14, 2, 15, 1], [16, 3, 17, 4], [19, 6, 20, 7]]
mK10n37: [[1, 12, 2, 13], [4, 17, 5, 18], [6, 13, 7, 14], [8, 3, 9, 4], [10, 16, 11, 15], [11, 20, 12, 1], [14, 5, 15, 6], [16, 10, 17, 9], [18, 7, 19, 8], [19, 2, 20, 3]]
mK10n38: [[1, 12, 2, 13], [4, 17, 5, 18], [6, 13, 7, 14], [8, 3, 9, 4], [9, 16, 10, 17], [11, 20, 12, 1], [14, 5, 15, 6], [15, 10, 16, 11], [18, 7, 19, 8], [19, 2, 20, 3]]
mK10n39: [[2, 10, 3, 9], [5, 13, 6, 12], [6, 17, 7, 18], [8, 15, 9, 16], [10, 20, 11, 19], [11, 5, 12, 4], [14, 2, 15, 1], [16, 7, 17, 8], [18, 3, 19, 4], [20, 14, 1, 13]]
mK10n40: [[1, 9, 2, 8], [3, 10, 4, 11], [6, 13, 7, 14], [9, 16, 10, 17], [11, 19, 12, 18], [12, 7, 13, 8], [14, 5, 15, 6], [15, 20, 16, 1], [17, 3, 18, 2], [19, 4, 20, 5]]
mK10n41: [[2, 11, 3, 12], [3, 17, 4, 16], [6, 13, 7, 14], [8, 16, 9, 15], [9, 4, 10, 5], [12, 1, 13, 2], [14, 20, 15, 19], [17, 11, 18, 10], [18, 6, 19, 5], [20, 7, 1, 8]]
mK10n42: [[1, 9, 2, 8], [3, 13, 4, 12], [4, 18, 5, 17], [7, 3, 8, 2], [9, 15, 10, 14], [11, 16, 12, 17], [13, 7, 14, 6], [15, 1, 16, 20], [18, 6, 19, 5], [19, 10, 20, 11]]
