mL2a1: [[4, 2, 3, 1], [2, 4, 1, 3]]
mL4a1: [[6, 2, 7, 1], [8, 4, 5, 3], [2, 6, 3, 5], [4, 8, 1, 7]]
mL5a1: [[6, 2, 7, 1], [10, 8, 5, 7], [4, 6, 1, 5], [2, 9, 3, 10], [8, 3, 9, 4]]
mL6a1: [[6, 2, 7, 1], [10, 4, 11, 3], [12, 7, 5, 8], [8, 11, 9, 12], [2, 6, 3, 5], [4, 10, 1, 9]]
mL6a2: [[8, 2, 9, 1], [12, 6, 7, 5], [10, 4, 11, 3], [4, 12, 5, 11], [2, 8, 3, 7], [6, 10, 1, 9]]
mL6a3: [[8, 2, 9, 1], [2, 10, 3, 9], [10, 4, 11, 3], [12, 6, 7, 5], [6, 8, 1, 7], [4, 12, 5, 11]]
mL6a4: [[6, 2, 7, 1], [12, 7, 9, 8], [4, 11, 1, 12], [10, 6, 11, 5], [8, 3, 5, 4], [2, 10, 3, 9]]
mL6a5: [[6, 2, 7, 1], [10, 4, 11, 3], [12, 8, 9, 7], [8, 12, 5, 11], [2, 6, 3, 5], [4, 10, 1, 9]]
mL6n1: [[6, 2, 7, 1], [12, 7, 9, 8], [4, 11, 1, 12], [5, 10, 6, 11], [3, 5, 4, 8], [9, 2, 10, 3]]
mL7a1: [[6, 2, 7, 1], [12, 8, 13, 7], [4, 14, 1, 13], [10, 5, 11, 6], [8, 3, 9, 4], [14, 9, 5, 10], [2, 11, 3, 12]]
mL7a2: [[6, 2, 7, 1], [10, 4, 11, 3], [14, 12, 5, 11], [12, 8, 13, 7], [8, 14, 9, 13], [2, 6, 3, 5], [4, 10, 1, 9]]
mL7a3: [[6, 2, 7, 1], [10, 3, 11, 4], [12, 7, 13, 8], [14, 9, 5, 10], [8, 13, 9, 14], [2, 6, 3, 5], [4, 11, 1, 12]]
mL7a4: [[6, 2, 7, 1], [10, 3, 11, 4], [14, 7, 5, 8], [12, 9, 13, 10], [8, 13, 9, 14], [2, 6, 3, 5], [4, 11, 1, 12]]
mL7a5: [[8, 2, 9, 1], [10, 4, 11, 3], [12, 5, 13, 6], [14, 12, 7, 11], [4, 13, 5, 14], [2, 8, 3, 7], [6, 10, 1, 9]]
mL7a6: [[8, 2, 9, 1], [10, 3, 11, 4], [14, 9, 7, 10], [12, 5, 13, 6], [2, 8, 3, 7], [4, 11, 5, 12], [6, 13, 1, 14]]
mL7a7: [[6, 2, 7, 1], [10, 4, 11, 3], [14, 11, 9, 12], [8, 13, 5, 14], [12, 7, 13, 8], [2, 6, 3, 5], [4, 10, 1, 9]]
mL7n1: [[6, 2, 7, 1], [12, 8, 13, 7], [4, 14, 1, 13], [5, 11, 6, 10], [3, 9, 4, 8], [9, 5, 10, 14], [11, 3, 12, 2]]
mL7n2: [[6, 2, 7, 1], [12, 8, 13, 7], [13, 4, 14, 1], [5, 11, 6, 10], [3, 9, 4, 8], [9, 5, 10, 14], [2, 11, 3, 12]]
mL8a1: [[6, 2, 7, 1], [14, 8, 15, 7], [4, 16, 1, 15], [12, 9, 13, 10], [8, 3, 9, 4], [10, 6, 11, 5], [16, 12, 5, 11], [2, 13, 3, 14]]
mL8a2: [[6, 2, 7, 1], [10, 3, 11, 4], [12, 7, 13, 8], [16, 13, 5, 14], [14, 10, 15, 9], [8, 16, 9, 15], [2, 6, 3, 5], [4, 11, 1, 12]]
mL8a3: [[6, 2, 7, 1], [10, 4, 11, 3], [14, 7, 15, 8], [16, 12, 5, 11], [12, 16, 13, 15], [8, 13, 9, 14], [2, 6, 3, 5], [4, 10, 1, 9]]
mL8a4: [[6, 2, 7, 1], [10, 3, 11, 4], [12, 9, 13, 10], [16, 14, 5, 13], [14, 8, 15, 7], [8, 16, 9, 15], [2, 6, 3, 5], [4, 11, 1, 12]]
mL8a5: [[6, 2, 7, 1], [12, 4, 13, 3], [14, 7, 15, 8], [16, 9, 5, 10], [8, 15, 9, 16], [10, 13, 11, 14], [2, 6, 3, 5], [4, 12, 1, 11]]
mL8a6: [[6, 2, 7, 1], [12, 4, 13, 3], [16, 7, 5, 8], [14, 9, 15, 10], [10, 13, 11, 14], [8, 15, 9, 16], [2, 6, 3, 5], [4, 12, 1, 11]]
mL8a7: [[6, 2, 7, 1], [14, 8, 15, 7], [4, 16, 1, 15], [10, 6, 11, 5], [12, 4, 13, 3], [16, 12, 5, 11], [2, 10, 3, 9], [8, 14, 9, 13]]
mL8a8: [[8, 2, 9, 1], [10, 3, 11, 4], [16, 9, 7, 10], [2, 8, 3, 7], [14, 11, 15, 12], [12, 6, 13, 5], [4, 14, 5, 13], [6, 15, 1, 16]]
mL8a9: [[8, 2, 9, 1], [10, 3, 11, 4], [16, 9, 7, 10], [2, 8, 3, 7], [4, 15, 5, 16], [12, 6, 13, 5], [14, 12, 15, 11], [6, 14, 1, 13]]
mL8a10: [[8, 2, 9, 1], [10, 4, 11, 3], [12, 16, 13, 15], [14, 6, 15, 5], [4, 14, 5, 13], [16, 12, 7, 11], [2, 8, 3, 7], [6, 10, 1, 9]]
mL8a11: [[8, 2, 9, 1], [2, 10, 3, 9], [10, 4, 11, 3], [14, 6, 15, 5], [16, 12, 7, 11], [12, 16, 13, 15], [6, 8, 1, 7], [4, 14, 5, 13]]
mL8a12: [[10, 2, 11, 1], [16, 8, 9, 7], [12, 4, 13, 3], [14, 6, 15, 5], [4, 14, 5, 13], [6, 16, 7, 15], [2, 10, 3, 9], [8, 12, 1, 11]]
mL8a13: [[10, 2, 11, 1], [16, 8, 9, 7], [12, 4, 13, 3], [6, 14, 7, 13], [14, 6, 15, 5], [4, 16, 5, 15], [2, 10, 3, 9], [8, 12, 1, 11]]
mL8a14: [[10, 2, 11, 1], [2, 12, 3, 11], [12, 4, 13, 3], [14, 6, 15, 5], [16, 8, 9, 7], [8, 10, 1, 9], [4, 14, 5, 13], [6, 16, 7, 15]]
mL8a15: [[6, 2, 7, 1], [10, 4, 11, 3], [14, 8, 15, 7], [8, 14, 5, 13], [16, 11, 9, 12], [12, 15, 13, 16], [2, 6, 3, 5], [4, 10, 1, 9]]
mL8a16: [[6, 2, 7, 1], [12, 5, 13, 6], [8, 3, 9, 4], [2, 13, 3, 14], [14, 8, 15, 7], [16, 9, 11, 10], [10, 11, 5, 12], [4, 16, 1, 15]]
mL8a17: [[6, 2, 7, 1], [12, 4, 13, 3], [10, 14, 5, 13], [8, 16, 9, 15], [14, 8, 15, 7], [16, 10, 11, 9], [2, 6, 3, 5], [4, 12, 1, 11]]
mL8a18: [[6, 2, 7, 1], [12, 3, 13, 4], [8, 15, 9, 16], [14, 7, 15, 8], [16, 9, 11, 10], [10, 11, 5, 12], [2, 6, 3, 5], [4, 13, 1, 14]]
mL8a19: [[6, 2, 7, 1], [12, 3, 13, 4], [14, 6, 15, 5], [8, 11, 9, 12], [16, 7, 11, 8], [10, 14, 5, 13], [2, 10, 3, 9], [4, 15, 1, 16]]
mL8a20: [[6, 2, 7, 1], [10, 4, 11, 3], [16, 11, 13, 12], [14, 7, 15, 8], [8, 13, 9, 14], [12, 15, 5, 16], [2, 6, 3, 5], [4, 10, 1, 9]]
mL8a21: [[6, 2, 7, 1], [2, 6, 3, 5], [16, 12, 13, 11], [10, 4, 11, 3], [4, 10, 1, 9], [14, 8, 15, 7], [8, 14, 5, 13], [12, 16, 9, 15]]
mL8n1: [[6, 2, 7, 1], [14, 8, 15, 7], [4, 16, 1, 15], [9, 13, 10, 12], [3, 9, 4, 8], [5, 10, 6, 11], [11, 16, 12, 5], [13, 3, 14, 2]]
mL8n2: [[6, 2, 7, 1], [14, 8, 15, 7], [15, 4, 16, 1], [9, 13, 10, 12], [3, 9, 4, 8], [5, 10, 6, 11], [11, 16, 12, 5], [2, 13, 3, 14]]
mL8n3: [[6, 2, 7, 1], [5, 13, 6, 12], [3, 9, 4, 8], [13, 3, 14, 2], [14, 8, 15, 7], [9, 11, 10, 16], [11, 5, 12, 10], [4, 16, 1, 15]]
mL8n4: [[6, 2, 7, 1], [5, 13, 6, 12], [3, 9, 4, 8], [2, 13, 3, 14], [14, 8, 15, 7], [9, 11, 10, 16], [11, 5, 12, 10], [15, 4, 16, 1]]
mL8n5: [[6, 2, 7, 1], [5, 13, 6, 12], [8, 3, 9, 4], [2, 13, 3, 14], [14, 8, 15, 7], [9, 11, 10, 16], [11, 5, 12, 10], [4, 16, 1, 15]]
mL8n6: [[6, 2, 7, 1], [10, 4, 11, 3], [11, 13, 12, 16], [7, 15, 8, 14], [13, 9, 14, 8], [15, 5, 16, 12], [2, 6, 3, 5], [4, 10, 1, 9]]
mL8n7: [[6, 2, 7, 1], [2, 6, 3, 5], [11, 16, 12, 13], [3, 10, 4, 11], [9, 4, 10, 1], [7, 14, 8, 15], [13, 8, 14, 5], [15, 12, 16, 9]]
mL8n8: [[6, 2, 7, 1], [2, 6, 3, 5], [16, 12, 13, 11], [3, 10, 4, 11], [9, 4, 10, 1], [7, 14, 8, 15], [13, 8, 14, 5], [12, 16, 9, 15]]
mL9a1: [[6, 2, 7, 1], [14, 8, 15, 7], [4, 16, 1, 15], [10, 5, 11, 6], [8, 3, 9, 4], [18, 11, 5, 12], [12, 17, 13, 18], [16, 9, 17, 10], [2, 13, 3, 14]]
mL9a2: [[6, 2, 7, 1], [14, 8, 15, 7], [4, 16, 1, 15], [12, 5, 13, 6], [8, 3, 9, 4], [16, 9, 17, 10], [18, 11, 5, 12], [10, 17, 11, 18], [2, 13, 3, 14]]
mL9a3: [[6, 2, 7, 1], [16, 8, 17, 7], [4, 18, 1, 17], [12, 5, 13, 6], [8, 3, 9, 4], [14, 9, 15, 10], [10, 13, 11, 14], [18, 11, 5, 12], [2, 15, 3, 16]]
mL9a4: [[6, 2, 7, 1], [10, 3, 11, 4], [12, 7, 13, 8], [16, 9, 17, 10], [18, 13, 5, 14], [14, 17, 15, 18], [8, 15, 9, 16], [2, 6, 3, 5], [4, 11, 1, 12]]
mL9a5: [[6, 2, 7, 1], [10, 4, 11, 3], [14, 7, 15, 8], [18, 15, 5, 16], [16, 11, 17, 12], [12, 17, 13, 18], [8, 13, 9, 14], [2, 6, 3, 5], [4, 10, 1, 9]]
mL9a6: [[6, 2, 7, 1], [10, 4, 11, 3], [16, 12, 17, 11], [14, 8, 15, 7], [8, 16, 9, 15], [18, 14, 5, 13], [12, 18, 13, 17], [2, 6, 3, 5], [4, 10, 1, 9]]
mL9a7: [[6, 2, 7, 1], [10, 4, 11, 3], [16, 14, 17, 13], [14, 8, 15, 7], [8, 16, 9, 15], [18, 12, 5, 11], [12, 18, 13, 17], [2, 6, 3, 5], [4, 10, 1, 9]]
mL9a8: [[6, 2, 7, 1], [10, 3, 11, 4], [16, 7, 17, 8], [18, 14, 5, 13], [14, 18, 15, 17], [12, 9, 13, 10], [8, 15, 9, 16], [2, 6, 3, 5], [4, 11, 1, 12]]
mL9a9: [[6, 2, 7, 1], [14, 8, 15, 7], [16, 10, 17, 9], [8, 16, 9, 15], [4, 18, 1, 17], [12, 5, 13, 6], [10, 3, 11, 4], [18, 11, 5, 12], [2, 13, 3, 14]]
mL9a10: [[6, 2, 7, 1], [16, 8, 17, 7], [4, 18, 1, 17], [12, 5, 13, 6], [10, 3, 11, 4], [18, 11, 5, 12], [14, 10, 15, 9], [2, 13, 3, 14], [8, 16, 9, 15]]
mL9a11: [[6, 2, 7, 1], [12, 4, 13, 3], [14, 7, 15, 8], [18, 15, 5, 16], [16, 10, 17, 9], [8, 18, 9, 17], [10, 13, 11, 14], [2, 6, 3, 5], [4, 12, 1, 11]]
mL9a12: [[6, 2, 7, 1], [12, 4, 13, 3], [18, 14, 5, 13], [14, 8, 15, 7], [16, 10, 17, 9], [8, 16, 9, 15], [10, 18, 11, 17], [2, 6, 3, 5], [4, 12, 1, 11]]
mL9a13: [[6, 2, 7, 1], [12, 4, 13, 3], [18, 14, 5, 13], [14, 8, 15, 7], [8, 18, 9, 17], [16, 10, 17, 9], [10, 16, 11, 15], [2, 6, 3, 5], [4, 12, 1, 11]]
mL9a14: [[6, 2, 7, 1], [12, 3, 13, 4], [14, 7, 15, 8], [16, 9, 17, 10], [18, 11, 5, 12], [8, 15, 9, 16], [10, 17, 11, 18], [2, 6, 3, 5], [4, 13, 1, 14]]
mL9a15: [[6, 2, 7, 1], [12, 3, 13, 4], [14, 7, 15, 8], [18, 11, 5, 12], [8, 17, 9, 18], [16, 9, 17, 10], [10, 15, 11, 16], [2, 6, 3, 5], [4, 13, 1, 14]]
mL9a16: [[6, 2, 7, 1], [12, 4, 13, 3], [14, 9, 15, 10], [10, 13, 11, 14], [18, 16, 5, 15], [16, 8, 17, 7], [8, 18, 9, 17], [2, 6, 3, 5], [4, 12, 1, 11]]
mL9a17: [[6, 2, 7, 1], [12, 3, 13, 4], [16, 7, 17, 8], [18, 9, 5, 10], [8, 17, 9, 18], [14, 11, 15, 12], [10, 15, 11, 16], [2, 6, 3, 5], [4, 13, 1, 14]]
mL9a18: [[6, 2, 7, 1], [12, 3, 13, 4], [18, 7, 5, 8], [16, 9, 17, 10], [14, 11, 15, 12], [10, 15, 11, 16], [8, 17, 9, 18], [2, 6, 3, 5], [4, 13, 1, 14]]
mL9a19: [[6, 2, 7, 1], [2, 10, 3, 9], [12, 4, 13, 3], [10, 6, 11, 5], [18, 12, 5, 11], [4, 18, 1, 17], [16, 13, 17, 14], [14, 7, 15, 8], [8, 15, 9, 16]]
mL9a20: [[8, 2, 9, 1], [16, 12, 17, 11], [10, 3, 11, 4], [2, 16, 3, 15], [12, 6, 13, 5], [6, 8, 1, 7], [14, 9, 15, 10], [18, 13, 7, 14], [4, 17, 5, 18]]
mL9a21: [[8, 2, 9, 1], [2, 10, 3, 9], [10, 4, 11, 3], [14, 7, 15, 8], [18, 13, 7, 14], [6, 18, 1, 17], [16, 12, 17, 11], [12, 5, 13, 6], [4, 15, 5, 16]]
mL9a22: [[8, 2, 9, 1], [2, 10, 3, 9], [10, 4, 11, 3], [16, 11, 17, 12], [12, 5, 13, 6], [4, 18, 5, 17], [14, 8, 15, 7], [18, 14, 7, 13], [6, 15, 1, 16]]
mL9a23: [[8, 2, 9, 1], [10, 4, 11, 3], [18, 15, 7, 16], [14, 6, 15, 5], [4, 14, 5, 13], [12, 17, 13, 18], [16, 11, 17, 12], [2, 8, 3, 7], [6, 10, 1, 9]]
mL9a24: [[8, 2, 9, 1], [10, 4, 11, 3], [14, 5, 15, 6], [16, 12, 17, 11], [18, 14, 7, 13], [12, 18, 13, 17], [4, 15, 5, 16], [2, 8, 3, 7], [6, 10, 1, 9]]
mL9a25: [[8, 2, 9, 1], [10, 4, 11, 3], [14, 5, 15, 6], [18, 12, 7, 11], [16, 14, 17, 13], [12, 18, 13, 17], [4, 15, 5, 16], [2, 8, 3, 7], [6, 10, 1, 9]]
mL9a26: [[8, 2, 9, 1], [10, 3, 11, 4], [18, 9, 7, 10], [14, 5, 15, 6], [16, 13, 17, 14], [12, 17, 13, 18], [2, 8, 3, 7], [4, 11, 5, 12], [6, 15, 1, 16]]
mL9a27: [[8, 2, 9, 1], [10, 3, 11, 4], [18, 9, 7, 10], [2, 8, 3, 7], [16, 14, 17, 13], [6, 11, 1, 12], [4, 15, 5, 16], [14, 5, 15, 6], [12, 18, 13, 17]]
mL9a28: [[8, 2, 9, 1], [2, 10, 3, 9], [10, 4, 11, 3], [14, 6, 15, 5], [18, 15, 7, 16], [16, 11, 17, 12], [12, 17, 13, 18], [6, 8, 1, 7], [4, 14, 5, 13]]
mL9a29: [[8, 2, 9, 1], [2, 10, 3, 9], [10, 4, 11, 3], [6, 8, 1, 7], [16, 12, 17, 11], [14, 5, 15, 6], [4, 15, 5, 16], [18, 14, 7, 13], [12, 18, 13, 17]]
mL9a30: [[8, 2, 9, 1], [2, 10, 3, 9], [10, 4, 11, 3], [6, 8, 1, 7], [16, 14, 17, 13], [14, 5, 15, 6], [4, 15, 5, 16], [18, 12, 7, 11], [12, 18, 13, 17]]
mL9a31: [[8, 2, 9, 1], [16, 10, 17, 9], [6, 8, 1, 7], [18, 14, 7, 13], [10, 3, 11, 4], [14, 5, 15, 6], [4, 11, 5, 12], [12, 18, 13, 17], [2, 15, 3, 16]]
mL9a32: [[8, 2, 9, 1], [12, 4, 13, 3], [18, 14, 7, 13], [14, 10, 15, 9], [10, 18, 11, 17], [16, 6, 17, 5], [2, 8, 3, 7], [4, 12, 5, 11], [6, 16, 1, 15]]
mL9a33: [[8, 2, 9, 1], [12, 4, 13, 3], [18, 9, 7, 10], [10, 13, 11, 14], [16, 6, 17, 5], [14, 17, 15, 18], [2, 8, 3, 7], [4, 12, 5, 11], [6, 16, 1, 15]]
mL9a34: [[10, 2, 11, 1], [14, 6, 15, 5], [12, 4, 13, 3], [16, 7, 17, 8], [18, 16, 9, 15], [4, 14, 5, 13], [6, 17, 7, 18], [2, 10, 3, 9], [8, 12, 1, 11]]
mL9a35: [[10, 2, 11, 1], [12, 4, 13, 3], [16, 7, 17, 8], [14, 5, 15, 6], [18, 14, 9, 13], [6, 15, 7, 16], [4, 17, 5, 18], [2, 10, 3, 9], [8, 12, 1, 11]]
mL9a36: [[10, 2, 11, 1], [12, 3, 13, 4], [18, 11, 9, 12], [14, 5, 15, 6], [16, 7, 17, 8], [2, 10, 3, 9], [4, 13, 5, 14], [6, 15, 7, 16], [8, 17, 1, 18]]
mL9a37: [[10, 2, 11, 1], [12, 3, 13, 4], [18, 11, 9, 12], [2, 10, 3, 9], [4, 17, 5, 18], [16, 7, 17, 8], [14, 5, 15, 6], [6, 15, 7, 16], [8, 13, 1, 14]]
mL9a38: [[10, 2, 11, 1], [2, 12, 3, 11], [12, 4, 13, 3], [4, 10, 5, 9], [14, 5, 15, 6], [18, 13, 9, 14], [16, 7, 17, 8], [6, 15, 7, 16], [8, 17, 1, 18]]
mL9a39: [[10, 2, 11, 1], [2, 12, 3, 11], [12, 4, 13, 3], [14, 6, 15, 5], [6, 10, 7, 9], [16, 7, 17, 8], [18, 15, 9, 16], [8, 17, 1, 18], [4, 14, 5, 13]]
mL9a40: [[10, 2, 11, 1], [2, 12, 3, 11], [12, 4, 13, 3], [8, 10, 1, 9], [18, 14, 9, 13], [14, 7, 15, 8], [16, 5, 17, 6], [6, 15, 7, 16], [4, 17, 5, 18]]
mL9a41: [[10, 2, 11, 1], [2, 12, 3, 11], [12, 4, 13, 3], [18, 6, 9, 5], [14, 7, 15, 8], [16, 13, 17, 14], [8, 15, 1, 16], [6, 10, 7, 9], [4, 18, 5, 17]]
mL9a42: [[10, 2, 11, 1], [12, 3, 13, 4], [18, 6, 9, 5], [6, 10, 7, 9], [16, 11, 17, 12], [14, 7, 15, 8], [4, 13, 5, 14], [8, 15, 1, 16], [2, 18, 3, 17]]
mL9a43: [[6, 2, 7, 1], [10, 4, 11, 3], [14, 8, 15, 7], [8, 14, 5, 13], [16, 12, 17, 11], [18, 16, 9, 15], [12, 18, 13, 17], [2, 6, 3, 5], [4, 10, 1, 9]]
mL9a44: [[6, 2, 7, 1], [10, 4, 11, 3], [18, 13, 9, 14], [16, 11, 17, 12], [12, 17, 13, 18], [8, 15, 5, 16], [14, 7, 15, 8], [2, 6, 3, 5], [4, 10, 1, 9]]
mL9a45: [[6, 2, 7, 1], [10, 4, 11, 3], [18, 11, 9, 12], [16, 13, 17, 14], [8, 15, 5, 16], [14, 7, 15, 8], [12, 17, 13, 18], [2, 6, 3, 5], [4, 10, 1, 9]]
mL9a46: [[6, 2, 7, 1], [12, 5, 13, 6], [8, 3, 9, 4], [2, 13, 3, 14], [14, 8, 15, 7], [16, 11, 17, 12], [18, 10, 11, 9], [10, 18, 5, 17], [4, 16, 1, 15]]
mL9a47: [[6, 2, 7, 1], [12, 4, 13, 3], [10, 14, 5, 13], [18, 16, 11, 15], [14, 8, 15, 7], [8, 17, 9, 18], [16, 9, 17, 10], [2, 6, 3, 5], [4, 12, 1, 11]]
mL9a48: [[6, 2, 7, 1], [12, 4, 13, 3], [18, 13, 11, 14], [8, 15, 9, 16], [14, 7, 15, 8], [16, 9, 17, 10], [10, 17, 5, 18], [2, 6, 3, 5], [4, 12, 1, 11]]
mL9a49: [[6, 2, 7, 1], [12, 4, 13, 3], [16, 9, 17, 10], [14, 7, 15, 8], [18, 13, 11, 14], [10, 15, 5, 16], [8, 17, 9, 18], [2, 6, 3, 5], [4, 12, 1, 11]]
mL9a50: [[6, 2, 7, 1], [12, 3, 13, 4], [18, 15, 11, 16], [14, 7, 15, 8], [10, 11, 5, 12], [8, 18, 9, 17], [16, 10, 17, 9], [2, 6, 3, 5], [4, 13, 1, 14]]
mL9a51: [[6, 2, 7, 1], [12, 3, 13, 4], [8, 11, 9, 12], [18, 7, 11, 8], [16, 14, 17, 13], [14, 5, 15, 6], [10, 15, 5, 16], [2, 10, 3, 9], [4, 17, 1, 18]]
mL9a52: [[6, 2, 7, 1], [10, 4, 11, 3], [16, 12, 17, 11], [14, 7, 15, 8], [8, 13, 9, 14], [18, 16, 13, 15], [12, 18, 5, 17], [2, 6, 3, 5], [4, 10, 1, 9]]
mL9a53: [[6, 2, 7, 1], [12, 8, 13, 7], [4, 14, 1, 13], [18, 9, 15, 10], [8, 3, 9, 4], [16, 6, 17, 5], [14, 18, 5, 17], [10, 15, 11, 16], [2, 11, 3, 12]]
mL9a54: [[6, 2, 7, 1], [10, 3, 11, 4], [12, 7, 13, 8], [18, 14, 15, 13], [16, 9, 17, 10], [8, 15, 9, 16], [14, 18, 5, 17], [2, 6, 3, 5], [4, 11, 1, 12]]
mL9a55: [[6, 2, 7, 1], [2, 6, 3, 5], [16, 11, 17, 12], [10, 4, 11, 3], [4, 10, 1, 9], [14, 8, 15, 7], [8, 14, 5, 13], [18, 15, 13, 16], [12, 17, 9, 18]]
mL9n1: [[6, 2, 7, 1], [14, 8, 15, 7], [4, 16, 1, 15], [5, 11, 6, 10], [3, 9, 4, 8], [11, 5, 12, 18], [17, 13, 18, 12], [9, 17, 10, 16], [13, 3, 14, 2]]
mL9n2: [[6, 2, 7, 1], [14, 8, 15, 7], [15, 4, 16, 1], [5, 11, 6, 10], [3, 9, 4, 8], [11, 5, 12, 18], [17, 13, 18, 12], [9, 17, 10, 16], [2, 13, 3, 14]]
mL9n3: [[6, 2, 7, 1], [14, 8, 15, 7], [4, 16, 1, 15], [5, 11, 6, 10], [8, 3, 9, 4], [11, 5, 12, 18], [17, 13, 18, 12], [9, 17, 10, 16], [2, 13, 3, 14]]
mL9n4: [[6, 2, 7, 1], [14, 8, 15, 7], [4, 16, 1, 15], [5, 13, 6, 12], [3, 9, 4, 8], [9, 17, 10, 16], [11, 5, 12, 18], [17, 11, 18, 10], [13, 3, 14, 2]]
mL9n5: [[6, 2, 7, 1], [14, 8, 15, 7], [15, 4, 16, 1], [5, 13, 6, 12], [3, 9, 4, 8], [9, 17, 10, 16], [11, 5, 12, 18], [17, 11, 18, 10], [2, 13, 3, 14]]
mL9n6: [[6, 2, 7, 1], [14, 8, 15, 7], [4, 16, 1, 15], [5, 13, 6, 12], [8, 3, 9, 4], [9, 17, 10, 16], [11, 5, 12, 18], [17, 11, 18, 10], [2, 13, 3, 14]]
mL9n7: [[6, 2, 7, 1], [16, 8, 17, 7], [4, 18, 1, 17], [5, 13, 6, 12], [3, 9, 4, 8], [9, 15, 10, 14], [13, 11, 14, 10], [11, 5, 12, 18], [15, 3, 16, 2]]
mL9n8: [[6, 2, 7, 1], [16, 8, 17, 7], [4, 18, 1, 17], [5, 13, 6, 12], [8, 3, 9, 4], [9, 15, 10, 14], [13, 11, 14, 10], [11, 5, 12, 18], [2, 15, 3, 16]]
mL9n9: [[6, 2, 7, 1], [10, 4, 11, 3], [7, 15, 8, 14], [15, 5, 16, 18], [11, 17, 12, 16], [17, 13, 18, 12], [13, 9, 14, 8], [2, 6, 3, 5], [4, 10, 1, 9]]
mL9n10: [[6, 2, 7, 1], [10, 4, 11, 3], [7, 15, 8, 14], [18, 15, 5, 16], [16, 11, 17, 12], [12, 17, 13, 18], [13, 9, 14, 8], [2, 6, 3, 5], [4, 10, 1, 9]]
mL9n11: [[6, 2, 7, 1], [10, 4, 11, 3], [14, 7, 15, 8], [15, 5, 16, 18], [11, 17, 12, 16], [17, 13, 18, 12], [8, 13, 9, 14], [2, 6, 3, 5], [4, 10, 1, 9]]
mL9n12: [[6, 2, 7, 1], [10, 4, 11, 3], [11, 16, 12, 17], [7, 14, 8, 15], [15, 8, 16, 9], [13, 18, 14, 5], [17, 12, 18, 13], [2, 6, 3, 5], [4, 10, 1, 9]]
mL9n13: [[8, 2, 9, 1], [11, 16, 12, 17], [3, 11, 4, 10], [15, 2, 16, 3], [5, 12, 6, 13], [6, 8, 1, 7], [9, 15, 10, 14], [13, 7, 14, 18], [17, 5, 18, 4]]
mL9n14: [[8, 2, 9, 1], [11, 16, 12, 17], [3, 11, 4, 10], [15, 2, 16, 3], [5, 12, 6, 13], [6, 8, 1, 7], [14, 9, 15, 10], [18, 13, 7, 14], [17, 5, 18, 4]]
mL9n15: [[8, 2, 9, 1], [16, 12, 17, 11], [3, 11, 4, 10], [2, 16, 3, 15], [12, 6, 13, 5], [6, 8, 1, 7], [9, 15, 10, 14], [13, 7, 14, 18], [17, 5, 18, 4]]
mL9n16: [[8, 2, 9, 1], [11, 16, 12, 17], [3, 11, 4, 10], [2, 16, 3, 15], [12, 6, 13, 5], [6, 8, 1, 7], [14, 9, 15, 10], [18, 13, 7, 14], [17, 5, 18, 4]]
mL9n17: [[8, 2, 9, 1], [2, 10, 3, 9], [10, 4, 11, 3], [7, 15, 8, 14], [13, 7, 14, 18], [17, 6, 18, 1], [16, 12, 17, 11], [5, 13, 6, 12], [4, 15, 5, 16]]
mL9n18: [[10, 2, 11, 1], [2, 12, 3, 11], [12, 4, 13, 3], [18, 6, 9, 5], [7, 15, 8, 14], [13, 17, 14, 16], [15, 1, 16, 8], [6, 10, 7, 9], [4, 18, 5, 17]]
mL9n19: [[10, 2, 11, 1], [3, 13, 4, 12], [18, 6, 9, 5], [6, 10, 7, 9], [16, 11, 17, 12], [7, 15, 8, 14], [13, 5, 14, 4], [15, 1, 16, 8], [2, 18, 3, 17]]
mL9n20: [[6, 2, 7, 1], [3, 10, 4, 11], [7, 14, 8, 15], [13, 8, 14, 5], [11, 16, 12, 17], [15, 18, 16, 9], [17, 12, 18, 13], [2, 6, 3, 5], [9, 4, 10, 1]]
mL9n21: [[6, 2, 7, 1], [3, 10, 4, 11], [7, 14, 8, 15], [13, 8, 14, 5], [16, 12, 17, 11], [18, 16, 9, 15], [12, 18, 13, 17], [2, 6, 3, 5], [9, 4, 10, 1]]
mL9n22: [[6, 2, 7, 1], [10, 4, 11, 3], [14, 8, 15, 7], [8, 14, 5, 13], [11, 16, 12, 17], [15, 18, 16, 9], [17, 12, 18, 13], [2, 6, 3, 5], [4, 10, 1, 9]]
mL9n23: [[6, 2, 7, 1], [5, 13, 6, 12], [3, 9, 4, 8], [13, 3, 14, 2], [14, 8, 15, 7], [11, 17, 12, 16], [9, 18, 10, 11], [17, 10, 18, 5], [4, 16, 1, 15]]
mL9n24: [[6, 2, 7, 1], [5, 13, 6, 12], [3, 9, 4, 8], [2, 13, 3, 14], [14, 8, 15, 7], [11, 17, 12, 16], [9, 18, 10, 11], [17, 10, 18, 5], [15, 4, 16, 1]]
mL9n25: [[6, 2, 7, 1], [5, 13, 6, 12], [8, 3, 9, 4], [2, 13, 3, 14], [14, 8, 15, 7], [11, 17, 12, 16], [9, 18, 10, 11], [17, 10, 18, 5], [4, 16, 1, 15]]
mL9n26: [[6, 2, 7, 1], [10, 4, 11, 3], [11, 16, 12, 17], [7, 15, 8, 14], [13, 9, 14, 8], [15, 18, 16, 13], [17, 12, 18, 5], [2, 6, 3, 5], [4, 10, 1, 9]]
mL9n27: [[6, 2, 7, 1], [12, 8, 13, 7], [4, 14, 1, 13], [9, 15, 10, 18], [8, 3, 9, 4], [5, 16, 6, 17], [17, 14, 18, 5], [15, 11, 16, 10], [2, 11, 3, 12]]
mL9n28: [[6, 2, 7, 1], [12, 8, 13, 7], [4, 14, 1, 13], [18, 9, 15, 10], [8, 3, 9, 4], [5, 16, 6, 17], [17, 14, 18, 5], [10, 15, 11, 16], [2, 11, 3, 12]]
mL10a1: [[6, 2, 7, 1], [14, 8, 15, 7], [4, 16, 1, 15], [10, 5, 11, 6], [8, 3, 9, 4], [18, 12, 19, 11], [20, 18, 5, 17], [12, 20, 13, 19], [16, 9, 17, 10], [2, 13, 3, 14]]
mL10a2: [[6, 2, 7, 1], [16, 8, 17, 7], [4, 18, 1, 17], [14, 9, 15, 10], [8, 3, 9, 4], [10, 6, 11, 5], [20, 14, 5, 13], [18, 12, 19, 11], [12, 20, 13, 19], [2, 15, 3, 16]]
mL10a3: [[6, 2, 7, 1], [16, 8, 17, 7], [4, 18, 1, 17], [14, 9, 15, 10], [8, 3, 9, 4], [10, 6, 11, 5], [20, 12, 5, 11], [18, 14, 19, 13], [12, 20, 13, 19], [2, 15, 3, 16]]
mL10a4: [[6, 2, 7, 1], [14, 8, 15, 7], [4, 16, 1, 15], [12, 5, 13, 6], [8, 3, 9, 4], [16, 9, 17, 10], [20, 17, 5, 18], [18, 12, 19, 11], [10, 20, 11, 19], [2, 13, 3, 14]]
mL10a5: [[6, 2, 7, 1], [18, 8, 19, 7], [4, 20, 1, 19], [14, 9, 15, 10], [8, 3, 9, 4], [12, 6, 13, 5], [20, 14, 5, 13], [16, 11, 17, 12], [10, 15, 11, 16], [2, 17, 3, 18]]
mL10a6: [[6, 2, 7, 1], [18, 8, 19, 7], [4, 20, 1, 19], [12, 5, 13, 6], [8, 3, 9, 4], [16, 14, 17, 13], [14, 10, 15, 9], [10, 16, 11, 15], [20, 11, 5, 12], [2, 17, 3, 18]]
mL10a7: [[6, 2, 7, 1], [18, 8, 19, 7], [4, 20, 1, 19], [14, 11, 15, 12], [8, 3, 9, 4], [12, 6, 13, 5], [20, 14, 5, 13], [16, 9, 17, 10], [10, 15, 11, 16], [2, 17, 3, 18]]
mL10a8: [[6, 2, 7, 1], [10, 3, 11, 4], [12, 7, 13, 8], [16, 9, 17, 10], [20, 18, 5, 17], [18, 14, 19, 13], [14, 20, 15, 19], [8, 15, 9, 16], [2, 6, 3, 5], [4, 11, 1, 12]]
mL10a9: [[6, 2, 7, 1], [10, 3, 11, 4], [12, 7, 13, 8], [18, 13, 19, 14], [16, 10, 17, 9], [8, 18, 9, 17], [20, 15, 5, 16], [14, 19, 15, 20], [2, 6, 3, 5], [4, 11, 1, 12]]
mL10a10: [[6, 2, 7, 1], [10, 3, 11, 4], [12, 7, 13, 8], [18, 15, 19, 16], [16, 10, 17, 9], [8, 18, 9, 17], [20, 13, 5, 14], [14, 19, 15, 20], [2, 6, 3, 5], [4, 11, 1, 12]]
mL10a11: [[6, 2, 7, 1], [10, 4, 11, 3], [16, 12, 17, 11], [14, 8, 15, 7], [8, 16, 9, 15], [20, 18, 5, 17], [18, 13, 19, 14], [12, 19, 13, 20], [2, 6, 3, 5], [4, 10, 1, 9]]
mL10a12: [[6, 2, 7, 1], [10, 4, 11, 3], [14, 7, 15, 8], [18, 12, 19, 11], [20, 15, 5, 16], [16, 19, 17, 20], [12, 18, 13, 17], [8, 13, 9, 14], [2, 6, 3, 5], [4, 10, 1, 9]]
mL10a13: [[6, 2, 7, 1], [10, 4, 11, 3], [16, 14, 17, 13], [14, 8, 15, 7], [8, 16, 9, 15], [20, 17, 5, 18], [18, 11, 19, 12], [12, 19, 13, 20], [2, 6, 3, 5], [4, 10, 1, 9]]
mL10a14: [[6, 2, 7, 1], [10, 3, 11, 4], [14, 7, 15, 8], [20, 15, 5, 16], [16, 10, 17, 9], [8, 20, 9, 19], [18, 14, 19, 13], [12, 18, 13, 17], [2, 6, 3, 5], [4, 11, 1, 12]]
mL10a15: [[6, 2, 7, 1], [10, 4, 11, 3], [16, 7, 17, 8], [18, 12, 19, 11], [20, 14, 5, 13], [12, 20, 13, 19], [14, 18, 15, 17], [8, 15, 9, 16], [2, 6, 3, 5], [4, 10, 1, 9]]
mL10a16: [[6, 2, 7, 1], [10, 4, 11, 3], [16, 7, 17, 8], [20, 12, 5, 11], [18, 14, 19, 13], [14, 18, 15, 17], [12, 20, 13, 19], [8, 15, 9, 16], [2, 6, 3, 5], [4, 10, 1, 9]]
mL10a17: [[6, 2, 7, 1], [10, 3, 11, 4], [16, 7, 17, 8], [20, 17, 5, 18], [18, 13, 19, 14], [14, 19, 15, 20], [12, 9, 13, 10], [8, 15, 9, 16], [2, 6, 3, 5], [4, 11, 1, 12]]
mL10a18: [[6, 2, 7, 1], [10, 3, 11, 4], [12, 9, 13, 10], [18, 14, 19, 13], [16, 8, 17, 7], [8, 18, 9, 17], [20, 16, 5, 15], [14, 20, 15, 19], [2, 6, 3, 5], [4, 11, 1, 12]]
mL10a19: [[6, 2, 7, 1], [10, 3, 11, 4], [12, 9, 13, 10], [18, 16, 19, 15], [16, 8, 17, 7], [8, 18, 9, 17], [20, 14, 5, 13], [14, 20, 15, 19], [2, 6, 3, 5], [4, 11, 1, 12]]
mL10a20: [[6, 2, 7, 1], [10, 3, 11, 4], [20, 16, 5, 15], [16, 8, 17, 7], [12, 17, 13, 18], [14, 9, 15, 10], [18, 13, 19, 14], [8, 20, 9, 19], [2, 6, 3, 5], [4, 11, 1, 12]]
mL10a21: [[6, 2, 7, 1], [14, 8, 15, 7], [18, 16, 19, 15], [16, 9, 17, 10], [8, 17, 9, 18], [4, 20, 1, 19], [12, 5, 13, 6], [10, 3, 11, 4], [20, 11, 5, 12], [2, 13, 3, 14]]
mL10a22: [[6, 2, 7, 1], [14, 10, 15, 9], [4, 20, 1, 19], [12, 5, 13, 6], [10, 3, 11, 4], [20, 11, 5, 12], [2, 13, 3, 14], [18, 15, 19, 16], [16, 7, 17, 8], [8, 17, 9, 18]]
mL10a23: [[6, 2, 7, 1], [16, 8, 17, 7], [18, 10, 19, 9], [8, 18, 9, 17], [4, 20, 1, 19], [14, 11, 15, 12], [10, 3, 11, 4], [12, 6, 13, 5], [20, 14, 5, 13], [2, 15, 3, 16]]
mL10a24: [[6, 2, 7, 1], [18, 8, 19, 7], [4, 20, 1, 19], [14, 11, 15, 12], [10, 3, 11, 4], [12, 6, 13, 5], [20, 14, 5, 13], [16, 10, 17, 9], [2, 15, 3, 16], [8, 18, 9, 17]]
mL10a25: [[6, 2, 7, 1], [12, 4, 13, 3], [20, 14, 5, 13], [14, 8, 15, 7], [18, 16, 19, 15], [16, 9, 17, 10], [8, 17, 9, 18], [10, 20, 11, 19], [2, 6, 3, 5], [4, 12, 1, 11]]
mL10a26: [[6, 2, 7, 1], [12, 4, 13, 3], [20, 14, 5, 13], [14, 8, 15, 7], [8, 20, 9, 19], [16, 9, 17, 10], [18, 15, 19, 16], [10, 17, 11, 18], [2, 6, 3, 5], [4, 12, 1, 11]]
mL10a27: [[6, 2, 7, 1], [12, 3, 13, 4], [14, 7, 15, 8], [16, 9, 17, 10], [8, 15, 9, 16], [20, 17, 5, 18], [18, 12, 19, 11], [10, 20, 11, 19], [2, 6, 3, 5], [4, 13, 1, 14]]
mL10a28: [[6, 2, 7, 1], [12, 3, 13, 4], [14, 7, 15, 8], [20, 15, 5, 16], [16, 10, 17, 9], [8, 20, 9, 19], [18, 12, 19, 11], [10, 18, 11, 17], [2, 6, 3, 5], [4, 13, 1, 14]]
mL10a29: [[6, 2, 7, 1], [12, 3, 13, 4], [14, 7, 15, 8], [20, 11, 5, 12], [8, 19, 9, 20], [16, 10, 17, 9], [18, 16, 19, 15], [10, 18, 11, 17], [2, 6, 3, 5], [4, 13, 1, 14]]
mL10a30: [[6, 2, 7, 1], [12, 4, 13, 3], [14, 7, 15, 8], [18, 9, 19, 10], [20, 15, 5, 16], [16, 19, 17, 20], [8, 17, 9, 18], [10, 13, 11, 14], [2, 6, 3, 5], [4, 12, 1, 11]]
mL10a31: [[6, 2, 7, 1], [12, 3, 13, 4], [14, 7, 15, 8], [20, 15, 5, 16], [16, 12, 17, 11], [18, 10, 19, 9], [10, 18, 11, 17], [8, 20, 9, 19], [2, 6, 3, 5], [4, 13, 1, 14]]
mL10a32: [[6, 2, 7, 1], [12, 3, 13, 4], [16, 7, 17, 8], [20, 17, 5, 18], [18, 12, 19, 11], [10, 20, 11, 19], [14, 9, 15, 10], [8, 15, 9, 16], [2, 6, 3, 5], [4, 13, 1, 14]]
mL10a33: [[6, 2, 7, 1], [12, 4, 13, 3], [16, 7, 17, 8], [18, 9, 19, 10], [20, 14, 5, 13], [8, 17, 9, 18], [14, 20, 15, 19], [10, 15, 11, 16], [2, 6, 3, 5], [4, 12, 1, 11]]
mL10a34: [[6, 2, 7, 1], [12, 3, 13, 4], [16, 7, 17, 8], [20, 17, 5, 18], [18, 10, 19, 9], [8, 20, 9, 19], [14, 11, 15, 12], [10, 15, 11, 16], [2, 6, 3, 5], [4, 13, 1, 14]]
mL10a35: [[6, 2, 7, 1], [12, 3, 13, 4], [14, 11, 15, 12], [20, 16, 5, 15], [16, 8, 17, 7], [18, 10, 19, 9], [8, 18, 9, 17], [10, 20, 11, 19], [2, 6, 3, 5], [4, 13, 1, 14]]
mL10a36: [[6, 2, 7, 1], [12, 3, 13, 4], [14, 11, 15, 12], [20, 16, 5, 15], [16, 8, 17, 7], [8, 20, 9, 19], [18, 10, 19, 9], [10, 18, 11, 17], [2, 6, 3, 5], [4, 13, 1, 14]]
mL10a37: [[6, 2, 7, 1], [12, 4, 13, 3], [18, 7, 19, 8], [20, 16, 5, 15], [16, 20, 17, 19], [14, 9, 15, 10], [10, 13, 11, 14], [8, 17, 9, 18], [2, 6, 3, 5], [4, 12, 1, 11]]
mL10a38: [[6, 2, 7, 1], [12, 4, 13, 3], [16, 14, 17, 13], [14, 10, 15, 9], [10, 16, 11, 15], [20, 18, 5, 17], [18, 8, 19, 7], [8, 20, 9, 19], [2, 6, 3, 5], [4, 12, 1, 11]]
mL10a39: [[6, 2, 7, 1], [12, 3, 13, 4], [14, 9, 15, 10], [16, 11, 17, 12], [10, 15, 11, 16], [20, 18, 5, 17], [18, 8, 19, 7], [8, 20, 9, 19], [2, 6, 3, 5], [4, 13, 1, 14]]
mL10a40: [[6, 2, 7, 1], [12, 4, 13, 3], [18, 7, 19, 8], [20, 14, 5, 13], [14, 20, 15, 19], [16, 9, 17, 10], [10, 15, 11, 16], [8, 17, 9, 18], [2, 6, 3, 5], [4, 12, 1, 11]]
mL10a41: [[6, 2, 7, 1], [12, 3, 13, 4], [16, 9, 17, 10], [14, 11, 15, 12], [10, 15, 11, 16], [20, 18, 5, 17], [18, 8, 19, 7], [8, 20, 9, 19], [2, 6, 3, 5], [4, 13, 1, 14]]
mL10a42: [[6, 2, 7, 1], [16, 8, 17, 7], [18, 13, 19, 14], [14, 17, 15, 18], [4, 20, 1, 19], [10, 6, 11, 5], [12, 4, 13, 3], [20, 12, 5, 11], [2, 10, 3, 9], [8, 16, 9, 15]]
mL10a43: [[6, 2, 7, 1], [2, 10, 3, 9], [12, 4, 13, 3], [20, 11, 5, 12], [18, 5, 19, 6], [10, 19, 11, 20], [4, 18, 1, 17], [16, 13, 17, 14], [14, 7, 15, 8], [8, 15, 9, 16]]
mL10a44: [[6, 2, 7, 1], [14, 4, 15, 3], [16, 7, 17, 8], [18, 9, 19, 10], [20, 11, 5, 12], [8, 17, 9, 18], [10, 19, 11, 20], [12, 15, 13, 16], [2, 6, 3, 5], [4, 14, 1, 13]]
mL10a45: [[6, 2, 7, 1], [14, 4, 15, 3], [16, 7, 17, 8], [20, 11, 5, 12], [8, 19, 9, 20], [18, 9, 19, 10], [10, 17, 11, 18], [12, 15, 13, 16], [2, 6, 3, 5], [4, 14, 1, 13]]
mL10a46: [[6, 2, 7, 1], [14, 4, 15, 3], [18, 7, 19, 8], [20, 9, 5, 10], [8, 19, 9, 20], [12, 17, 13, 18], [16, 11, 17, 12], [10, 15, 11, 16], [2, 6, 3, 5], [4, 14, 1, 13]]
mL10a47: [[6, 2, 7, 1], [14, 4, 15, 3], [18, 7, 19, 8], [20, 9, 5, 10], [8, 19, 9, 20], [16, 11, 17, 12], [12, 15, 13, 16], [10, 17, 11, 18], [2, 6, 3, 5], [4, 14, 1, 13]]
mL10a48: [[6, 2, 7, 1], [14, 4, 15, 3], [20, 7, 5, 8], [18, 9, 19, 10], [16, 11, 17, 12], [12, 15, 13, 16], [10, 17, 11, 18], [8, 19, 9, 20], [2, 6, 3, 5], [4, 14, 1, 13]]
mL10a49: [[6, 2, 7, 1], [16, 8, 17, 7], [4, 18, 1, 17], [10, 6, 11, 5], [14, 4, 15, 3], [18, 12, 19, 11], [20, 14, 5, 13], [12, 20, 13, 19], [2, 10, 3, 9], [8, 16, 9, 15]]
mL10a50: [[6, 2, 7, 1], [16, 8, 17, 7], [4, 18, 1, 17], [10, 6, 11, 5], [14, 4, 15, 3], [20, 12, 5, 11], [18, 14, 19, 13], [12, 20, 13, 19], [2, 10, 3, 9], [8, 16, 9, 15]]
mL10a51: [[8, 2, 9, 1], [10, 3, 11, 4], [20, 9, 7, 10], [2, 8, 3, 7], [4, 16, 5, 15], [12, 6, 13, 5], [16, 11, 17, 12], [6, 17, 1, 18], [14, 20, 15, 19], [18, 14, 19, 13]]
mL10a52: [[8, 2, 9, 1], [10, 3, 11, 4], [20, 9, 7, 10], [2, 8, 3, 7], [16, 12, 17, 11], [12, 6, 13, 5], [4, 17, 5, 18], [14, 19, 15, 20], [18, 13, 19, 14], [6, 16, 1, 15]]
mL10a53: [[8, 2, 9, 1], [18, 10, 19, 9], [6, 8, 1, 7], [20, 13, 7, 14], [12, 6, 13, 5], [10, 3, 11, 4], [4, 16, 5, 15], [16, 11, 17, 12], [14, 19, 15, 20], [2, 17, 3, 18]]
mL10a54: [[8, 2, 9, 1], [2, 10, 3, 9], [10, 4, 11, 3], [18, 12, 19, 11], [12, 5, 13, 6], [4, 17, 5, 18], [14, 8, 15, 7], [16, 13, 17, 14], [20, 16, 7, 15], [6, 20, 1, 19]]
mL10a55: [[8, 2, 9, 1], [2, 10, 3, 9], [10, 4, 11, 3], [14, 7, 15, 8], [16, 14, 17, 13], [6, 17, 1, 18], [18, 11, 19, 12], [12, 5, 13, 6], [20, 15, 7, 16], [4, 20, 5, 19]]
mL10a56: [[8, 2, 9, 1], [16, 8, 17, 7], [10, 3, 11, 4], [12, 6, 13, 5], [20, 11, 7, 12], [18, 14, 19, 13], [2, 16, 3, 15], [4, 20, 5, 19], [14, 9, 15, 10], [6, 17, 1, 18]]
mL10a57: [[8, 2, 9, 1], [10, 4, 11, 3], [14, 5, 15, 6], [16, 12, 17, 11], [20, 18, 7, 17], [18, 13, 19, 14], [12, 19, 13, 20], [4, 15, 5, 16], [2, 8, 3, 7], [6, 10, 1, 9]]
mL10a58: [[8, 2, 9, 1], [10, 4, 11, 3], [20, 15, 7, 16], [14, 6, 15, 5], [4, 14, 5, 13], [12, 18, 13, 17], [18, 12, 19, 11], [16, 19, 17, 20], [2, 8, 3, 7], [6, 10, 1, 9]]
mL10a59: [[8, 2, 9, 1], [10, 4, 11, 3], [14, 5, 15, 6], [16, 14, 17, 13], [20, 17, 7, 18], [18, 11, 19, 12], [12, 19, 13, 20], [4, 15, 5, 16], [2, 8, 3, 7], [6, 10, 1, 9]]
mL10a60: [[8, 2, 9, 1], [10, 3, 11, 4], [20, 9, 7, 10], [14, 5, 15, 6], [18, 14, 19, 13], [16, 20, 17, 19], [12, 18, 13, 17], [2, 8, 3, 7], [4, 11, 5, 12], [6, 15, 1, 16]]
mL10a61: [[8, 2, 9, 1], [10, 3, 11, 4], [20, 9, 7, 10], [2, 8, 3, 7], [18, 13, 19, 14], [6, 11, 1, 12], [16, 19, 17, 20], [4, 15, 5, 16], [14, 5, 15, 6], [12, 17, 13, 18]]
mL10a62: [[8, 2, 9, 1], [10, 3, 11, 4], [20, 9, 7, 10], [2, 8, 3, 7], [16, 11, 17, 12], [14, 6, 15, 5], [4, 16, 5, 15], [18, 13, 19, 14], [12, 17, 13, 18], [6, 19, 1, 20]]
mL10a63: [[8, 2, 9, 1], [10, 3, 11, 4], [20, 9, 7, 10], [2, 8, 3, 7], [4, 19, 5, 20], [14, 6, 15, 5], [16, 12, 17, 11], [18, 14, 19, 13], [12, 18, 13, 17], [6, 16, 1, 15]]
mL10a64: [[8, 2, 9, 1], [10, 3, 11, 4], [20, 9, 7, 10], [2, 8, 3, 7], [16, 13, 17, 14], [14, 6, 15, 5], [4, 16, 5, 15], [18, 11, 19, 12], [12, 17, 13, 18], [6, 19, 1, 20]]
mL10a65: [[8, 2, 9, 1], [10, 3, 11, 4], [20, 9, 7, 10], [2, 8, 3, 7], [4, 19, 5, 20], [14, 6, 15, 5], [18, 12, 19, 11], [16, 14, 17, 13], [12, 18, 13, 17], [6, 16, 1, 15]]
mL10a66: [[8, 2, 9, 1], [2, 10, 3, 9], [10, 4, 11, 3], [6, 8, 1, 7], [16, 12, 17, 11], [14, 5, 15, 6], [4, 15, 5, 16], [20, 18, 7, 17], [18, 13, 19, 14], [12, 19, 13, 20]]
mL10a67: [[8, 2, 9, 1], [2, 10, 3, 9], [10, 4, 11, 3], [14, 6, 15, 5], [18, 12, 19, 11], [20, 15, 7, 16], [16, 19, 17, 20], [12, 18, 13, 17], [6, 8, 1, 7], [4, 14, 5, 13]]
mL10a68: [[8, 2, 9, 1], [2, 10, 3, 9], [10, 4, 11, 3], [6, 8, 1, 7], [16, 14, 17, 13], [14, 5, 15, 6], [4, 15, 5, 16], [20, 17, 7, 18], [18, 11, 19, 12], [12, 19, 13, 20]]
mL10a69: [[8, 2, 9, 1], [16, 10, 17, 9], [6, 8, 1, 7], [20, 18, 7, 17], [10, 3, 11, 4], [14, 5, 15, 6], [4, 11, 5, 12], [18, 13, 19, 14], [12, 19, 13, 20], [2, 15, 3, 16]]
mL10a70: [[8, 2, 9, 1], [18, 10, 19, 9], [14, 5, 15, 6], [16, 11, 17, 12], [10, 3, 11, 4], [12, 8, 13, 7], [20, 16, 7, 15], [6, 13, 1, 14], [4, 20, 5, 19], [2, 17, 3, 18]]
mL10a71: [[8, 2, 9, 1], [18, 10, 19, 9], [14, 5, 15, 6], [16, 7, 17, 8], [10, 3, 11, 4], [20, 11, 7, 12], [12, 16, 13, 15], [6, 13, 1, 14], [4, 20, 5, 19], [2, 17, 3, 18]]
mL10a72: [[8, 2, 9, 1], [10, 4, 11, 3], [14, 18, 15, 17], [16, 6, 17, 5], [4, 16, 5, 15], [18, 12, 19, 11], [20, 14, 7, 13], [12, 20, 13, 19], [2, 8, 3, 7], [6, 10, 1, 9]]
mL10a73: [[8, 2, 9, 1], [10, 4, 11, 3], [14, 18, 15, 17], [16, 6, 17, 5], [4, 16, 5, 15], [20, 12, 7, 11], [18, 14, 19, 13], [12, 20, 13, 19], [2, 8, 3, 7], [6, 10, 1, 9]]
mL10a74: [[8, 2, 9, 1], [2, 10, 3, 9], [10, 4, 11, 3], [16, 6, 17, 5], [18, 12, 19, 11], [20, 14, 7, 13], [12, 20, 13, 19], [14, 18, 15, 17], [6, 8, 1, 7], [4, 16, 5, 15]]
mL10a75: [[8, 2, 9, 1], [2, 10, 3, 9], [10, 4, 11, 3], [16, 6, 17, 5], [20, 12, 7, 11], [18, 14, 19, 13], [14, 18, 15, 17], [12, 20, 13, 19], [6, 8, 1, 7], [4, 16, 5, 15]]
mL10a76: [[8, 2, 9, 1], [14, 10, 15, 9], [6, 8, 1, 7], [20, 16, 7, 15], [16, 5, 17, 6], [4, 19, 5, 20], [10, 3, 11, 4], [12, 18, 13, 17], [18, 12, 19, 11], [2, 13, 3, 14]]
mL10a77: [[8, 2, 9, 1], [2, 10, 3, 9], [10, 4, 11, 3], [16, 6, 17, 5], [14, 8, 15, 7], [18, 12, 19, 11], [20, 16, 7, 15], [12, 18, 13, 17], [4, 14, 5, 13], [6, 20, 1, 19]]
mL10a78: [[8, 2, 9, 1], [2, 10, 3, 9], [10, 4, 11, 3], [14, 7, 15, 8], [6, 14, 1, 13], [18, 11, 19, 12], [16, 6, 17, 5], [12, 17, 13, 18], [20, 15, 7, 16], [4, 20, 5, 19]]
mL10a79: [[8, 2, 9, 1], [12, 4, 13, 3], [20, 14, 7, 13], [14, 10, 15, 9], [10, 20, 11, 19], [16, 5, 17, 6], [18, 15, 19, 16], [2, 8, 3, 7], [4, 12, 5, 11], [6, 17, 1, 18]]
mL10a80: [[8, 2, 9, 1], [12, 4, 13, 3], [18, 9, 19, 10], [20, 14, 7, 13], [14, 20, 15, 19], [10, 15, 11, 16], [16, 5, 17, 6], [2, 8, 3, 7], [4, 12, 5, 11], [6, 17, 1, 18]]
mL10a81: [[8, 2, 9, 1], [12, 4, 13, 3], [14, 20, 15, 19], [16, 6, 17, 5], [18, 9, 19, 10], [4, 16, 5, 15], [10, 17, 11, 18], [20, 14, 7, 13], [2, 8, 3, 7], [6, 12, 1, 11]]
mL10a82: [[8, 2, 9, 1], [12, 4, 13, 3], [20, 9, 7, 10], [10, 13, 11, 14], [16, 5, 17, 6], [18, 15, 19, 16], [14, 19, 15, 20], [2, 8, 3, 7], [4, 12, 5, 11], [6, 17, 1, 18]]
mL10a83: [[8, 2, 9, 1], [12, 4, 13, 3], [20, 9, 7, 10], [14, 18, 15, 17], [16, 6, 17, 5], [4, 16, 5, 15], [18, 14, 19, 13], [10, 19, 11, 20], [2, 8, 3, 7], [6, 12, 1, 11]]
mL10a84: [[8, 2, 9, 1], [14, 10, 15, 9], [4, 8, 5, 7], [16, 5, 17, 6], [18, 15, 19, 16], [6, 17, 1, 18], [20, 12, 7, 11], [10, 20, 11, 19], [2, 13, 3, 14], [12, 3, 13, 4]]
mL10a85: [[8, 2, 9, 1], [16, 6, 17, 5], [18, 9, 19, 10], [10, 19, 11, 20], [14, 17, 15, 18], [2, 12, 3, 11], [12, 4, 13, 3], [4, 8, 5, 7], [20, 13, 7, 14], [6, 16, 1, 15]]
mL10a86: [[8, 2, 9, 1], [16, 5, 17, 6], [18, 9, 19, 10], [14, 20, 15, 19], [10, 15, 11, 16], [20, 12, 7, 11], [4, 8, 5, 7], [2, 13, 3, 14], [12, 3, 13, 4], [6, 17, 1, 18]]
mL10a87: [[8, 2, 9, 1], [20, 10, 7, 9], [6, 8, 1, 7], [2, 12, 3, 11], [12, 4, 13, 3], [16, 6, 17, 5], [18, 14, 19, 13], [14, 18, 15, 17], [4, 16, 5, 15], [10, 20, 11, 19]]
mL10a88: [[10, 2, 11, 1], [12, 4, 13, 3], [14, 5, 15, 6], [16, 8, 17, 7], [18, 15, 19, 16], [20, 14, 9, 13], [6, 18, 7, 17], [4, 19, 5, 20], [2, 10, 3, 9], [8, 12, 1, 11]]
mL10a89: [[10, 2, 11, 1], [12, 3, 13, 4], [20, 11, 9, 12], [14, 5, 15, 6], [2, 10, 3, 9], [4, 13, 5, 14], [18, 15, 19, 16], [16, 8, 17, 7], [6, 18, 7, 17], [8, 19, 1, 20]]
mL10a90: [[10, 2, 11, 1], [12, 3, 13, 4], [20, 11, 9, 12], [14, 5, 15, 6], [2, 10, 3, 9], [4, 13, 5, 14], [6, 19, 7, 20], [16, 8, 17, 7], [18, 16, 19, 15], [8, 18, 1, 17]]
mL10a91: [[10, 2, 11, 1], [12, 3, 13, 4], [20, 11, 9, 12], [2, 10, 3, 9], [4, 19, 5, 20], [14, 5, 15, 6], [16, 8, 17, 7], [18, 15, 19, 16], [6, 18, 7, 17], [8, 13, 1, 14]]
mL10a92: [[10, 2, 11, 1], [12, 3, 13, 4], [20, 11, 9, 12], [2, 10, 3, 9], [18, 13, 19, 14], [14, 6, 15, 5], [4, 18, 5, 17], [16, 8, 17, 7], [6, 16, 7, 15], [8, 19, 1, 20]]
mL10a93: [[10, 2, 11, 1], [12, 3, 13, 4], [20, 11, 9, 12], [2, 10, 3, 9], [4, 19, 5, 20], [14, 6, 15, 5], [18, 14, 19, 13], [16, 8, 17, 7], [6, 16, 7, 15], [8, 18, 1, 17]]
mL10a94: [[10, 2, 11, 1], [14, 6, 15, 5], [12, 4, 13, 3], [4, 14, 5, 13], [16, 20, 17, 19], [18, 8, 19, 7], [6, 18, 7, 17], [20, 16, 9, 15], [2, 10, 3, 9], [8, 12, 1, 11]]
mL10a95: [[10, 2, 11, 1], [12, 4, 13, 3], [14, 5, 15, 6], [16, 14, 17, 13], [18, 7, 19, 8], [20, 18, 9, 17], [4, 15, 5, 16], [6, 19, 7, 20], [2, 10, 3, 9], [8, 12, 1, 11]]
mL10a96: [[10, 2, 11, 1], [2, 12, 3, 11], [12, 4, 13, 3], [4, 10, 5, 9], [14, 6, 15, 5], [16, 20, 17, 19], [18, 8, 19, 7], [6, 18, 7, 17], [20, 16, 9, 15], [8, 14, 1, 13]]
mL10a97: [[10, 2, 11, 1], [2, 12, 3, 11], [12, 4, 13, 3], [14, 6, 15, 5], [6, 10, 7, 9], [18, 8, 19, 7], [20, 15, 9, 16], [16, 19, 17, 20], [8, 18, 1, 17], [4, 14, 5, 13]]
mL10a98: [[10, 2, 11, 1], [2, 12, 3, 11], [12, 4, 13, 3], [14, 6, 15, 5], [18, 8, 19, 7], [20, 16, 9, 15], [16, 20, 17, 19], [8, 10, 1, 9], [4, 14, 5, 13], [6, 18, 7, 17]]
mL10a99: [[10, 2, 11, 1], [12, 3, 13, 4], [20, 11, 9, 12], [2, 10, 3, 9], [18, 13, 19, 14], [14, 8, 15, 7], [16, 6, 17, 5], [6, 16, 7, 15], [4, 18, 5, 17], [8, 19, 1, 20]]
mL10a100: [[10, 2, 11, 1], [12, 4, 13, 3], [14, 20, 15, 19], [18, 8, 19, 7], [16, 6, 17, 5], [4, 16, 5, 15], [6, 18, 7, 17], [20, 14, 9, 13], [2, 10, 3, 9], [8, 12, 1, 11]]
mL10a101: [[10, 2, 11, 1], [12, 4, 13, 3], [14, 20, 15, 19], [18, 8, 19, 7], [6, 16, 7, 15], [16, 6, 17, 5], [4, 18, 5, 17], [20, 14, 9, 13], [2, 10, 3, 9], [8, 12, 1, 11]]
mL10a102: [[10, 2, 11, 1], [2, 12, 3, 11], [12, 4, 13, 3], [16, 6, 17, 5], [20, 14, 9, 13], [14, 20, 15, 19], [18, 8, 19, 7], [8, 10, 1, 9], [4, 16, 5, 15], [6, 18, 7, 17]]
mL10a103: [[10, 2, 11, 1], [12, 3, 13, 4], [20, 11, 9, 12], [2, 10, 3, 9], [4, 18, 5, 17], [18, 6, 19, 5], [6, 13, 7, 14], [14, 7, 15, 8], [8, 15, 1, 16], [16, 20, 17, 19]]
mL10a104: [[10, 2, 11, 1], [16, 12, 17, 11], [8, 10, 1, 9], [20, 18, 9, 17], [12, 3, 13, 4], [14, 7, 15, 8], [6, 13, 7, 14], [18, 5, 19, 6], [4, 19, 5, 20], [2, 15, 3, 16]]
mL10a105: [[10, 2, 11, 1], [2, 12, 3, 11], [12, 4, 13, 3], [16, 9, 17, 10], [6, 14, 7, 13], [14, 8, 15, 7], [8, 16, 1, 15], [20, 17, 9, 18], [4, 20, 5, 19], [18, 6, 19, 5]]
mL10a106: [[10, 2, 11, 1], [18, 12, 19, 11], [20, 6, 9, 5], [14, 8, 15, 7], [12, 3, 13, 4], [16, 13, 17, 14], [6, 16, 7, 15], [8, 10, 1, 9], [4, 20, 5, 19], [2, 17, 3, 18]]
mL10a107: [[10, 2, 11, 1], [20, 6, 9, 5], [14, 4, 15, 3], [4, 16, 5, 15], [16, 8, 17, 7], [18, 11, 19, 12], [12, 17, 13, 18], [2, 10, 3, 9], [8, 14, 1, 13], [6, 20, 7, 19]]
mL10a108: [[12, 2, 13, 1], [16, 8, 17, 7], [10, 6, 1, 5], [6, 4, 7, 3], [4, 10, 5, 9], [20, 18, 11, 17], [18, 14, 19, 13], [14, 20, 15, 19], [2, 12, 3, 11], [8, 16, 9, 15]]
mL10a109: [[12, 2, 13, 1], [16, 7, 17, 8], [10, 6, 1, 5], [6, 4, 7, 3], [4, 10, 5, 9], [18, 13, 19, 14], [20, 15, 11, 16], [14, 19, 15, 20], [2, 12, 3, 11], [8, 17, 9, 18]]
mL10a110: [[12, 2, 13, 1], [8, 3, 9, 4], [18, 13, 19, 14], [20, 15, 11, 16], [14, 19, 15, 20], [6, 18, 7, 17], [16, 8, 17, 7], [10, 5, 1, 6], [4, 9, 5, 10], [2, 12, 3, 11]]
mL10a111: [[12, 2, 13, 1], [16, 8, 17, 7], [8, 4, 9, 3], [2, 17, 3, 18], [14, 5, 15, 6], [6, 11, 7, 12], [18, 9, 19, 10], [20, 16, 11, 15], [10, 14, 1, 13], [4, 20, 5, 19]]
mL10a112: [[12, 2, 13, 1], [8, 3, 9, 4], [14, 5, 15, 6], [18, 8, 19, 7], [16, 9, 17, 10], [10, 12, 1, 11], [6, 13, 7, 14], [4, 20, 5, 19], [20, 16, 11, 15], [2, 17, 3, 18]]
mL10a113: [[12, 2, 13, 1], [8, 3, 9, 4], [18, 13, 19, 14], [20, 7, 11, 8], [6, 19, 7, 20], [4, 16, 5, 15], [14, 6, 15, 5], [16, 9, 17, 10], [2, 12, 3, 11], [10, 17, 1, 18]]
mL10a114: [[12, 2, 13, 1], [20, 10, 11, 9], [14, 4, 15, 3], [16, 6, 17, 5], [18, 8, 19, 7], [4, 16, 5, 15], [6, 18, 7, 17], [8, 20, 9, 19], [2, 12, 3, 11], [10, 14, 1, 13]]
mL10a115: [[12, 2, 13, 1], [20, 10, 11, 9], [14, 4, 15, 3], [16, 6, 17, 5], [4, 16, 5, 15], [8, 18, 9, 17], [18, 8, 19, 7], [6, 20, 7, 19], [2, 12, 3, 11], [10, 14, 1, 13]]
mL10a116: [[12, 2, 13, 1], [20, 10, 11, 9], [14, 4, 15, 3], [8, 16, 9, 15], [16, 6, 17, 5], [18, 8, 19, 7], [6, 18, 7, 17], [4, 20, 5, 19], [2, 12, 3, 11], [10, 14, 1, 13]]
mL10a117: [[12, 2, 13, 1], [2, 14, 3, 13], [14, 4, 15, 3], [4, 12, 5, 11], [20, 10, 11, 9], [16, 6, 17, 5], [18, 8, 19, 7], [6, 18, 7, 17], [8, 20, 9, 19], [10, 16, 1, 15]]
mL10a118: [[12, 2, 13, 1], [2, 14, 3, 13], [14, 4, 15, 3], [16, 6, 17, 5], [18, 8, 19, 7], [20, 10, 11, 9], [10, 12, 1, 11], [4, 16, 5, 15], [6, 18, 7, 17], [8, 20, 9, 19]]
mL10a119: [[12, 2, 13, 1], [20, 8, 11, 7], [14, 4, 15, 3], [6, 16, 7, 15], [16, 6, 17, 5], [4, 18, 5, 17], [18, 10, 19, 9], [2, 12, 3, 11], [10, 14, 1, 13], [8, 20, 9, 19]]
mL10a120: [[12, 2, 13, 1], [2, 14, 3, 13], [14, 4, 15, 3], [16, 6, 17, 5], [6, 12, 7, 11], [20, 8, 11, 7], [18, 10, 19, 9], [10, 18, 1, 17], [8, 20, 9, 19], [4, 16, 5, 15]]
mL10a121: [[12, 2, 13, 1], [20, 6, 11, 5], [16, 4, 17, 3], [10, 16, 1, 15], [8, 20, 9, 19], [18, 10, 19, 9], [4, 18, 5, 17], [2, 12, 3, 11], [6, 14, 7, 13], [14, 8, 15, 7]]
mL10a122: [[6, 2, 7, 1], [10, 4, 11, 3], [16, 11, 17, 12], [18, 14, 19, 13], [20, 17, 9, 18], [12, 20, 13, 19], [8, 15, 5, 16], [14, 7, 15, 8], [2, 6, 3, 5], [4, 10, 1, 9]]
mL10a123: [[6, 2, 7, 1], [10, 4, 11, 3], [14, 8, 15, 7], [8, 14, 5, 13], [18, 11, 19, 12], [20, 16, 9, 15], [16, 20, 17, 19], [12, 17, 13, 18], [2, 6, 3, 5], [4, 10, 1, 9]]
mL10a124: [[6, 2, 7, 1], [10, 4, 11, 3], [18, 12, 19, 11], [20, 18, 9, 17], [16, 13, 17, 14], [8, 15, 5, 16], [14, 7, 15, 8], [12, 20, 13, 19], [2, 6, 3, 5], [4, 10, 1, 9]]
mL10a125: [[6, 2, 7, 1], [10, 4, 11, 3], [16, 8, 17, 7], [8, 16, 5, 15], [20, 13, 9, 14], [18, 11, 19, 12], [12, 19, 13, 20], [14, 17, 15, 18], [2, 6, 3, 5], [4, 10, 1, 9]]
mL10a126: [[6, 2, 7, 1], [10, 4, 11, 3], [16, 8, 17, 7], [8, 16, 5, 15], [20, 11, 9, 12], [18, 13, 19, 14], [14, 17, 15, 18], [12, 19, 13, 20], [2, 6, 3, 5], [4, 10, 1, 9]]
mL10a127: [[6, 2, 7, 1], [12, 5, 13, 6], [8, 3, 9, 4], [2, 13, 3, 14], [14, 8, 15, 7], [18, 9, 19, 10], [16, 11, 17, 12], [20, 17, 11, 18], [4, 16, 1, 15], [10, 19, 5, 20]]
mL10a128: [[6, 2, 7, 1], [12, 4, 13, 3], [20, 13, 11, 14], [18, 15, 19, 16], [14, 7, 15, 8], [10, 19, 5, 20], [8, 18, 9, 17], [16, 10, 17, 9], [2, 6, 3, 5], [4, 12, 1, 11]]
mL10a129: [[6, 2, 7, 1], [12, 4, 13, 3], [16, 10, 17, 9], [14, 7, 15, 8], [18, 16, 19, 15], [20, 13, 11, 14], [10, 18, 5, 17], [8, 19, 9, 20], [2, 6, 3, 5], [4, 12, 1, 11]]
mL10a130: [[6, 2, 7, 1], [12, 4, 13, 3], [10, 14, 5, 13], [20, 16, 11, 15], [14, 8, 15, 7], [8, 18, 9, 17], [18, 10, 19, 9], [16, 20, 17, 19], [2, 6, 3, 5], [4, 12, 1, 11]]
mL10a131: [[6, 2, 7, 1], [12, 3, 13, 4], [20, 15, 11, 16], [14, 7, 15, 8], [10, 11, 5, 12], [8, 17, 9, 18], [18, 9, 19, 10], [16, 19, 17, 20], [2, 6, 3, 5], [4, 13, 1, 14]]
mL10a132: [[6, 2, 7, 1], [12, 4, 13, 3], [20, 13, 11, 14], [10, 16, 5, 15], [8, 18, 9, 17], [16, 8, 17, 7], [18, 10, 19, 9], [14, 19, 15, 20], [2, 6, 3, 5], [4, 12, 1, 11]]
mL10a133: [[6, 2, 7, 1], [12, 3, 13, 4], [14, 11, 15, 12], [20, 15, 11, 16], [8, 17, 9, 18], [16, 7, 17, 8], [18, 9, 19, 10], [10, 19, 5, 20], [2, 6, 3, 5], [4, 13, 1, 14]]
mL10a134: [[6, 2, 7, 1], [12, 3, 13, 4], [16, 8, 17, 7], [20, 10, 11, 9], [18, 11, 19, 12], [8, 16, 9, 15], [10, 20, 5, 19], [14, 17, 15, 18], [2, 6, 3, 5], [4, 13, 1, 14]]
mL10a135: [[6, 2, 7, 1], [12, 3, 13, 4], [14, 6, 15, 5], [16, 11, 17, 12], [10, 14, 5, 13], [20, 17, 11, 18], [8, 19, 9, 20], [18, 7, 19, 8], [2, 10, 3, 9], [4, 15, 1, 16]]
mL10a136: [[6, 2, 7, 1], [12, 3, 13, 4], [20, 8, 11, 7], [8, 20, 9, 19], [18, 11, 19, 12], [16, 14, 17, 13], [14, 5, 15, 6], [10, 15, 5, 16], [2, 10, 3, 9], [4, 17, 1, 18]]
mL10a137: [[6, 2, 7, 1], [14, 5, 15, 6], [8, 3, 9, 4], [2, 15, 3, 16], [16, 8, 17, 7], [18, 9, 19, 10], [4, 18, 1, 17], [12, 19, 5, 20], [20, 11, 13, 12], [10, 13, 11, 14]]
mL10a138: [[6, 2, 7, 1], [14, 5, 15, 6], [8, 3, 9, 4], [2, 15, 3, 16], [16, 8, 17, 7], [18, 9, 19, 10], [20, 11, 13, 12], [12, 13, 5, 14], [4, 18, 1, 17], [10, 19, 11, 20]]
mL10a139: [[6, 2, 7, 1], [10, 4, 11, 3], [18, 11, 19, 12], [14, 7, 15, 8], [8, 13, 9, 14], [20, 16, 13, 15], [16, 20, 17, 19], [12, 17, 5, 18], [2, 6, 3, 5], [4, 10, 1, 9]]
mL10a140: [[6, 2, 7, 1], [2, 15, 3, 16], [10, 3, 11, 4], [14, 5, 15, 6], [20, 11, 13, 12], [12, 13, 5, 14], [4, 20, 1, 19], [8, 18, 9, 17], [16, 8, 17, 7], [18, 10, 19, 9]]
mL10a141: [[6, 2, 7, 1], [14, 5, 15, 6], [10, 3, 11, 4], [2, 15, 3, 16], [18, 8, 19, 7], [16, 10, 17, 9], [8, 18, 9, 17], [20, 11, 13, 12], [12, 13, 5, 14], [4, 20, 1, 19]]
mL10a142: [[6, 2, 7, 1], [14, 4, 15, 3], [12, 16, 5, 15], [8, 18, 9, 17], [16, 8, 17, 7], [18, 10, 19, 9], [20, 12, 13, 11], [10, 20, 11, 19], [2, 6, 3, 5], [4, 14, 1, 13]]
mL10a143: [[6, 2, 7, 1], [14, 4, 15, 3], [12, 16, 5, 15], [18, 10, 19, 9], [16, 8, 17, 7], [20, 12, 13, 11], [10, 18, 11, 17], [8, 20, 9, 19], [2, 6, 3, 5], [4, 14, 1, 13]]
mL10a144: [[6, 2, 7, 1], [14, 3, 15, 4], [8, 17, 9, 18], [16, 7, 17, 8], [18, 9, 19, 10], [10, 13, 11, 14], [20, 11, 13, 12], [12, 19, 5, 20], [2, 6, 3, 5], [4, 15, 1, 16]]
mL10a145: [[6, 2, 7, 1], [14, 3, 15, 4], [8, 17, 9, 18], [16, 7, 17, 8], [18, 9, 19, 10], [20, 11, 13, 12], [12, 13, 5, 14], [10, 19, 11, 20], [2, 6, 3, 5], [4, 15, 1, 16]]
mL10a146: [[6, 2, 7, 1], [14, 3, 15, 4], [20, 11, 13, 12], [18, 7, 19, 8], [16, 9, 17, 10], [8, 17, 9, 18], [10, 13, 11, 14], [12, 19, 5, 20], [2, 6, 3, 5], [4, 15, 1, 16]]
mL10a147: [[6, 2, 7, 1], [14, 3, 15, 4], [16, 6, 17, 5], [20, 9, 13, 10], [18, 7, 19, 8], [8, 13, 9, 14], [12, 16, 5, 15], [10, 19, 11, 20], [2, 12, 3, 11], [4, 17, 1, 18]]
mL10a148: [[6, 2, 7, 1], [14, 3, 15, 4], [16, 6, 17, 5], [12, 16, 5, 15], [8, 19, 9, 20], [18, 7, 19, 8], [20, 9, 13, 10], [10, 13, 11, 14], [2, 12, 3, 11], [4, 17, 1, 18]]
mL10a149: [[6, 2, 7, 1], [12, 8, 13, 7], [4, 14, 1, 13], [16, 5, 17, 6], [8, 3, 9, 4], [20, 17, 15, 18], [10, 19, 11, 20], [18, 9, 19, 10], [14, 15, 5, 16], [2, 11, 3, 12]]
mL10a150: [[6, 2, 7, 1], [10, 3, 11, 4], [12, 7, 13, 8], [18, 13, 19, 14], [16, 9, 17, 10], [8, 15, 9, 16], [20, 17, 15, 18], [14, 19, 5, 20], [2, 6, 3, 5], [4, 11, 1, 12]]
mL10a151: [[6, 2, 7, 1], [10, 3, 11, 4], [14, 7, 5, 8], [18, 13, 19, 14], [16, 10, 17, 9], [8, 16, 9, 15], [20, 18, 15, 17], [12, 19, 13, 20], [2, 6, 3, 5], [4, 11, 1, 12]]
mL10a152: [[6, 2, 7, 1], [10, 4, 11, 3], [20, 13, 15, 14], [16, 7, 17, 8], [8, 15, 9, 16], [18, 11, 19, 12], [12, 19, 13, 20], [14, 17, 5, 18], [2, 6, 3, 5], [4, 10, 1, 9]]
mL10a153: [[6, 2, 7, 1], [10, 4, 11, 3], [18, 12, 19, 11], [8, 18, 9, 17], [16, 8, 17, 7], [20, 14, 15, 13], [14, 16, 5, 15], [12, 20, 13, 19], [2, 6, 3, 5], [4, 10, 1, 9]]
mL10a154: [[6, 2, 7, 1], [10, 4, 11, 3], [14, 7, 15, 8], [20, 16, 17, 15], [18, 12, 19, 11], [12, 18, 13, 17], [16, 20, 5, 19], [8, 13, 9, 14], [2, 6, 3, 5], [4, 10, 1, 9]]
mL10a155: [[6, 2, 7, 1], [12, 4, 13, 3], [20, 13, 17, 14], [18, 7, 19, 8], [10, 17, 11, 18], [14, 10, 15, 9], [8, 16, 9, 15], [16, 19, 5, 20], [2, 6, 3, 5], [4, 12, 1, 11]]
mL10a156: [[8, 2, 9, 1], [18, 9, 19, 10], [6, 17, 1, 18], [16, 8, 17, 7], [10, 3, 11, 4], [14, 5, 15, 6], [4, 13, 5, 14], [20, 12, 13, 11], [12, 16, 7, 15], [2, 20, 3, 19]]
mL10a157: [[8, 2, 9, 1], [18, 11, 19, 12], [10, 3, 11, 4], [2, 19, 3, 20], [16, 7, 17, 8], [20, 10, 13, 9], [12, 17, 7, 18], [4, 14, 5, 13], [14, 6, 15, 5], [6, 16, 1, 15]]
mL10a158: [[8, 2, 9, 1], [14, 6, 15, 5], [20, 10, 13, 9], [2, 19, 3, 20], [10, 3, 11, 4], [18, 11, 19, 12], [16, 7, 17, 8], [12, 17, 7, 18], [6, 14, 1, 13], [4, 16, 5, 15]]
mL10a159: [[8, 2, 9, 1], [16, 6, 17, 5], [14, 4, 15, 3], [4, 16, 5, 15], [12, 18, 7, 17], [10, 20, 11, 19], [18, 10, 19, 9], [20, 12, 13, 11], [2, 8, 3, 7], [6, 14, 1, 13]]
mL10a160: [[8, 2, 9, 1], [14, 3, 15, 4], [20, 11, 13, 12], [18, 9, 19, 10], [10, 13, 11, 14], [12, 19, 7, 20], [16, 5, 17, 6], [2, 8, 3, 7], [4, 15, 5, 16], [6, 17, 1, 18]]
mL10a161: [[8, 2, 9, 1], [14, 3, 15, 4], [10, 19, 11, 20], [18, 9, 19, 10], [20, 11, 13, 12], [12, 13, 7, 14], [16, 5, 17, 6], [2, 8, 3, 7], [4, 15, 5, 16], [6, 17, 1, 18]]
mL10a162: [[8, 2, 9, 1], [16, 5, 17, 6], [10, 19, 11, 20], [18, 9, 19, 10], [20, 11, 13, 12], [2, 14, 3, 13], [14, 4, 15, 3], [4, 8, 5, 7], [12, 15, 7, 16], [6, 17, 1, 18]]
mL10a163: [[8, 2, 9, 1], [20, 9, 13, 10], [6, 19, 1, 20], [18, 8, 19, 7], [4, 12, 5, 11], [16, 5, 17, 6], [10, 15, 11, 16], [12, 18, 7, 17], [2, 14, 3, 13], [14, 4, 15, 3]]
mL10a164: [[8, 2, 9, 1], [14, 4, 15, 3], [12, 16, 7, 15], [10, 20, 11, 19], [16, 10, 17, 9], [20, 12, 13, 11], [18, 6, 19, 5], [2, 8, 3, 7], [4, 14, 5, 13], [6, 18, 1, 17]]
mL10a165: [[6, 2, 7, 1], [2, 6, 3, 5], [18, 12, 19, 11], [10, 4, 11, 3], [4, 10, 1, 9], [14, 8, 15, 7], [8, 14, 5, 13], [20, 15, 13, 16], [16, 19, 17, 20], [12, 18, 9, 17]]
mL10a166: [[6, 2, 7, 1], [2, 6, 3, 5], [20, 14, 15, 13], [10, 4, 11, 3], [4, 10, 1, 9], [16, 8, 17, 7], [8, 16, 5, 15], [18, 12, 19, 11], [12, 20, 13, 19], [14, 18, 9, 17]]
mL10a167: [[6, 2, 7, 1], [2, 6, 3, 5], [18, 11, 19, 12], [10, 4, 11, 3], [4, 10, 1, 9], [8, 17, 5, 18], [16, 7, 17, 8], [20, 13, 15, 14], [14, 15, 9, 16], [12, 19, 13, 20]]
mL10a168: [[6, 2, 7, 1], [10, 4, 11, 3], [14, 8, 15, 7], [8, 14, 5, 13], [18, 11, 19, 12], [20, 15, 17, 16], [16, 19, 9, 20], [12, 17, 13, 18], [2, 6, 3, 5], [4, 10, 1, 9]]
mL10a169: [[6, 2, 7, 1], [12, 5, 13, 6], [8, 3, 9, 4], [2, 15, 3, 16], [16, 8, 17, 7], [14, 10, 11, 9], [20, 14, 15, 13], [10, 20, 5, 19], [18, 11, 19, 12], [4, 18, 1, 17]]
mL10a170: [[6, 2, 7, 1], [12, 5, 13, 6], [8, 3, 9, 4], [2, 15, 3, 16], [16, 8, 17, 7], [14, 20, 11, 19], [20, 14, 15, 13], [18, 9, 19, 10], [10, 11, 5, 12], [4, 18, 1, 17]]
mL10a171: [[6, 2, 7, 1], [12, 4, 13, 3], [10, 14, 5, 13], [20, 15, 17, 16], [14, 8, 15, 7], [16, 19, 11, 20], [8, 18, 9, 17], [18, 10, 19, 9], [2, 6, 3, 5], [4, 12, 1, 11]]
mL10a172: [[6, 2, 7, 1], [12, 3, 13, 4], [20, 16, 17, 15], [14, 7, 15, 8], [10, 11, 5, 12], [16, 20, 11, 19], [8, 17, 9, 18], [18, 9, 19, 10], [2, 6, 3, 5], [4, 13, 1, 14]]
mL10a173: [[6, 2, 7, 1], [12, 4, 13, 3], [20, 14, 17, 13], [16, 20, 11, 19], [18, 8, 19, 7], [8, 15, 9, 16], [14, 9, 15, 10], [10, 18, 5, 17], [2, 6, 3, 5], [4, 12, 1, 11]]
mL10a174: [[6, 2, 7, 1], [2, 6, 3, 5], [18, 12, 19, 11], [10, 4, 11, 3], [4, 10, 1, 9], [14, 8, 15, 7], [8, 14, 5, 13], [20, 16, 17, 15], [16, 20, 13, 19], [12, 18, 9, 17]]
mL10n1: [[6, 2, 7, 1], [14, 8, 15, 7], [4, 16, 1, 15], [5, 11, 6, 10], [3, 9, 4, 8], [11, 18, 12, 19], [17, 20, 18, 5], [19, 12, 20, 13], [9, 17, 10, 16], [13, 3, 14, 2]]
mL10n2: [[6, 2, 7, 1], [14, 8, 15, 7], [15, 4, 16, 1], [5, 11, 6, 10], [3, 9, 4, 8], [11, 18, 12, 19], [17, 20, 18, 5], [19, 12, 20, 13], [9, 17, 10, 16], [2, 13, 3, 14]]
mL10n3: [[6, 2, 7, 1], [14, 8, 15, 7], [4, 16, 1, 15], [5, 11, 6, 10], [8, 3, 9, 4], [11, 18, 12, 19], [17, 20, 18, 5], [19, 12, 20, 13], [9, 17, 10, 16], [2, 13, 3, 14]]
mL10n4: [[6, 2, 7, 1], [16, 8, 17, 7], [4, 18, 1, 17], [9, 15, 10, 14], [3, 9, 4, 8], [5, 10, 6, 11], [13, 20, 14, 5], [11, 18, 12, 19], [19, 12, 20, 13], [15, 3, 16, 2]]
mL10n5: [[6, 2, 7, 1], [16, 8, 17, 7], [17, 4, 18, 1], [9, 15, 10, 14], [3, 9, 4, 8], [5, 10, 6, 11], [13, 20, 14, 5], [11, 18, 12, 19], [19, 12, 20, 13], [2, 15, 3, 16]]
mL10n6: [[6, 2, 7, 1], [16, 8, 17, 7], [4, 18, 1, 17], [9, 15, 10, 14], [8, 3, 9, 4], [5, 10, 6, 11], [13, 20, 14, 5], [11, 18, 12, 19], [19, 12, 20, 13], [2, 15, 3, 16]]
mL10n7: [[6, 2, 7, 1], [16, 8, 17, 7], [4, 18, 1, 17], [9, 15, 10, 14], [3, 9, 4, 8], [5, 10, 6, 11], [11, 20, 12, 5], [13, 18, 14, 19], [19, 12, 20, 13], [15, 3, 16, 2]]
mL10n8: [[6, 2, 7, 1], [16, 8, 17, 7], [17, 4, 18, 1], [9, 15, 10, 14], [3, 9, 4, 8], [5, 10, 6, 11], [11, 20, 12, 5], [13, 18, 14, 19], [19, 12, 20, 13], [2, 15, 3, 16]]
mL10n9: [[6, 2, 7, 1], [16, 8, 17, 7], [4, 18, 1, 17], [9, 15, 10, 14], [8, 3, 9, 4], [5, 10, 6, 11], [11, 20, 12, 5], [13, 18, 14, 19], [19, 12, 20, 13], [2, 15, 3, 16]]
mL10n10: [[6, 2, 7, 1], [14, 8, 15, 7], [4, 16, 1, 15], [5, 13, 6, 12], [3, 9, 4, 8], [9, 17, 10, 16], [17, 5, 18, 20], [11, 18, 12, 19], [19, 10, 20, 11], [13, 3, 14, 2]]
mL10n11: [[6, 2, 7, 1], [14, 8, 15, 7], [15, 4, 16, 1], [5, 13, 6, 12], [3, 9, 4, 8], [9, 17, 10, 16], [17, 5, 18, 20], [11, 18, 12, 19], [19, 10, 20, 11], [2, 13, 3, 14]]
mL10n12: [[6, 2, 7, 1], [14, 8, 15, 7], [4, 16, 1, 15], [5, 13, 6, 12], [8, 3, 9, 4], [9, 17, 10, 16], [17, 5, 18, 20], [11, 18, 12, 19], [19, 10, 20, 11], [2, 13, 3, 14]]
mL10n13: [[6, 2, 7, 1], [18, 8, 19, 7], [4, 20, 1, 19], [9, 15, 10, 14], [3, 9, 4, 8], [5, 12, 6, 13], [13, 20, 14, 5], [11, 17, 12, 16], [15, 11, 16, 10], [17, 3, 18, 2]]
mL10n14: [[6, 2, 7, 1], [18, 8, 19, 7], [4, 20, 1, 19], [9, 15, 10, 14], [8, 3, 9, 4], [5, 12, 6, 13], [13, 20, 14, 5], [11, 17, 12, 16], [15, 11, 16, 10], [2, 17, 3, 18]]
mL10n15: [[6, 2, 7, 1], [18, 8, 19, 7], [4, 20, 1, 19], [14, 9, 15, 10], [8, 3, 9, 4], [5, 12, 6, 13], [13, 20, 14, 5], [16, 11, 17, 12], [10, 15, 11, 16], [2, 17, 3, 18]]
mL10n16: [[6, 2, 7, 1], [18, 8, 19, 7], [4, 20, 1, 19], [9, 15, 10, 14], [8, 3, 9, 4], [12, 6, 13, 5], [20, 14, 5, 13], [11, 17, 12, 16], [15, 11, 16, 10], [2, 17, 3, 18]]
mL10n17: [[6, 2, 7, 1], [18, 8, 19, 7], [4, 20, 1, 19], [5, 13, 6, 12], [3, 9, 4, 8], [13, 16, 14, 17], [9, 14, 10, 15], [15, 10, 16, 11], [11, 5, 12, 20], [17, 3, 18, 2]]
mL10n18: [[6, 2, 7, 1], [18, 8, 19, 7], [4, 20, 1, 19], [5, 13, 6, 12], [8, 3, 9, 4], [13, 16, 14, 17], [9, 14, 10, 15], [15, 10, 16, 11], [11, 5, 12, 20], [2, 17, 3, 18]]
mL10n19: [[6, 2, 7, 1], [18, 8, 19, 7], [4, 20, 1, 19], [11, 15, 12, 14], [3, 9, 4, 8], [5, 12, 6, 13], [13, 20, 14, 5], [9, 17, 10, 16], [15, 11, 16, 10], [17, 3, 18, 2]]
mL10n20: [[6, 2, 7, 1], [18, 8, 19, 7], [4, 20, 1, 19], [11, 15, 12, 14], [8, 3, 9, 4], [5, 12, 6, 13], [13, 20, 14, 5], [9, 17, 10, 16], [15, 11, 16, 10], [2, 17, 3, 18]]
mL10n21: [[6, 2, 7, 1], [10, 3, 11, 4], [12, 7, 13, 8], [9, 17, 10, 16], [17, 20, 18, 5], [13, 18, 14, 19], [19, 14, 20, 15], [15, 9, 16, 8], [2, 6, 3, 5], [4, 11, 1, 12]]
mL10n22: [[6, 2, 7, 1], [10, 3, 11, 4], [12, 7, 13, 8], [9, 17, 10, 16], [20, 18, 5, 17], [18, 14, 19, 13], [14, 20, 15, 19], [15, 9, 16, 8], [2, 6, 3, 5], [4, 11, 1, 12]]
mL10n23: [[6, 2, 7, 1], [10, 3, 11, 4], [12, 7, 13, 8], [16, 9, 17, 10], [17, 20, 18, 5], [13, 18, 14, 19], [19, 14, 20, 15], [8, 15, 9, 16], [2, 6, 3, 5], [4, 11, 1, 12]]
mL10n24: [[6, 2, 7, 1], [10, 3, 11, 4], [12, 7, 13, 8], [13, 19, 14, 18], [9, 16, 10, 17], [17, 8, 18, 9], [15, 5, 16, 20], [19, 15, 20, 14], [2, 6, 3, 5], [4, 11, 1, 12]]
mL10n25: [[6, 2, 7, 1], [10, 4, 11, 3], [11, 16, 12, 17], [7, 14, 8, 15], [15, 8, 16, 9], [17, 20, 18, 5], [13, 19, 14, 18], [19, 13, 20, 12], [2, 6, 3, 5], [4, 10, 1, 9]]
mL10n26: [[6, 2, 7, 1], [10, 4, 11, 3], [16, 12, 17, 11], [7, 14, 8, 15], [15, 8, 16, 9], [20, 18, 5, 17], [18, 13, 19, 14], [12, 19, 13, 20], [2, 6, 3, 5], [4, 10, 1, 9]]
mL10n27: [[6, 2, 7, 1], [10, 4, 11, 3], [11, 16, 12, 17], [14, 8, 15, 7], [8, 16, 9, 15], [17, 20, 18, 5], [13, 19, 14, 18], [19, 13, 20, 12], [2, 6, 3, 5], [4, 10, 1, 9]]
mL10n28: [[6, 2, 7, 1], [10, 4, 11, 3], [7, 15, 8, 14], [11, 18, 12, 19], [15, 5, 16, 20], [19, 17, 20, 16], [17, 12, 18, 13], [13, 9, 14, 8], [2, 6, 3, 5], [4, 10, 1, 9]]
mL10n29: [[6, 2, 7, 1], [3, 11, 4, 10], [7, 15, 8, 14], [15, 5, 16, 20], [9, 16, 10, 17], [19, 8, 20, 9], [13, 18, 14, 19], [17, 12, 18, 13], [2, 6, 3, 5], [11, 1, 12, 4]]
mL10n30: [[6, 2, 7, 1], [3, 11, 4, 10], [15, 20, 16, 5], [7, 16, 8, 17], [17, 13, 18, 12], [9, 15, 10, 14], [13, 19, 14, 18], [19, 8, 20, 9], [2, 6, 3, 5], [11, 1, 12, 4]]
mL10n31: [[6, 2, 7, 1], [18, 8, 19, 7], [4, 20, 1, 19], [11, 15, 12, 14], [3, 11, 4, 10], [5, 12, 6, 13], [13, 20, 14, 5], [16, 10, 17, 9], [15, 3, 16, 2], [8, 18, 9, 17]]
mL10n32: [[6, 2, 7, 1], [12, 3, 13, 4], [7, 17, 8, 16], [17, 5, 18, 20], [11, 18, 12, 19], [19, 10, 20, 11], [9, 15, 10, 14], [15, 9, 16, 8], [2, 6, 3, 5], [4, 13, 1, 14]]
mL10n33: [[6, 2, 7, 1], [12, 3, 13, 4], [7, 17, 8, 16], [20, 17, 5, 18], [18, 12, 19, 11], [10, 20, 11, 19], [9, 15, 10, 14], [15, 9, 16, 8], [2, 6, 3, 5], [4, 13, 1, 14]]
mL10n34: [[6, 2, 7, 1], [12, 3, 13, 4], [16, 7, 17, 8], [17, 5, 18, 20], [11, 18, 12, 19], [19, 10, 20, 11], [14, 9, 15, 10], [8, 15, 9, 16], [2, 6, 3, 5], [4, 13, 1, 14]]
mL10n35: [[6, 2, 7, 1], [3, 12, 4, 13], [13, 16, 14, 17], [9, 14, 10, 15], [15, 10, 16, 11], [17, 20, 18, 5], [7, 18, 8, 19], [19, 8, 20, 9], [2, 6, 3, 5], [11, 4, 12, 1]]
mL10n36: [[6, 2, 7, 1], [3, 12, 4, 13], [16, 14, 17, 13], [14, 10, 15, 9], [10, 16, 11, 15], [17, 20, 18, 5], [7, 18, 8, 19], [19, 8, 20, 9], [2, 6, 3, 5], [11, 4, 12, 1]]
mL10n37: [[6, 2, 7, 1], [12, 4, 13, 3], [13, 16, 14, 17], [9, 14, 10, 15], [15, 10, 16, 11], [17, 20, 18, 5], [7, 18, 8, 19], [19, 8, 20, 9], [2, 6, 3, 5], [4, 12, 1, 11]]
mL10n38: [[6, 2, 7, 1], [12, 4, 13, 3], [16, 14, 17, 13], [14, 10, 15, 9], [10, 16, 11, 15], [17, 20, 18, 5], [7, 18, 8, 19], [19, 8, 20, 9], [2, 6, 3, 5], [4, 12, 1, 11]]
mL10n39: [[6, 2, 7, 1], [12, 3, 13, 4], [14, 9, 15, 10], [16, 11, 17, 12], [10, 15, 11, 16], [17, 20, 18, 5], [7, 18, 8, 19], [19, 8, 20, 9], [2, 6, 3, 5], [4, 13, 1, 14]]
mL10n40: [[8, 2, 9, 1], [10, 3, 11, 4], [20, 9, 7, 10], [2, 8, 3, 7], [15, 4, 16, 5], [5, 12, 6, 13], [11, 17, 12, 16], [6, 17, 1, 18], [14, 20, 15, 19], [18, 14, 19, 13]]
mL10n41: [[8, 2, 9, 1], [10, 3, 11, 4], [20, 9, 7, 10], [2, 8, 3, 7], [4, 16, 5, 15], [5, 12, 6, 13], [11, 17, 12, 16], [17, 1, 18, 6], [14, 20, 15, 19], [18, 14, 19, 13]]
mL10n42: [[8, 2, 9, 1], [10, 3, 11, 4], [20, 9, 7, 10], [2, 8, 3, 7], [15, 4, 16, 5], [5, 12, 6, 13], [16, 11, 17, 12], [6, 17, 1, 18], [19, 14, 20, 15], [13, 18, 14, 19]]
mL10n43: [[8, 2, 9, 1], [10, 3, 11, 4], [20, 9, 7, 10], [2, 8, 3, 7], [4, 16, 5, 15], [5, 12, 6, 13], [16, 11, 17, 12], [17, 1, 18, 6], [19, 14, 20, 15], [13, 18, 14, 19]]
mL10n44: [[8, 2, 9, 1], [9, 18, 10, 19], [6, 8, 1, 7], [13, 7, 14, 20], [5, 12, 6, 13], [3, 11, 4, 10], [15, 4, 16, 5], [11, 17, 12, 16], [19, 15, 20, 14], [17, 3, 18, 2]]
mL10n45: [[8, 2, 9, 1], [18, 10, 19, 9], [6, 8, 1, 7], [20, 13, 7, 14], [5, 12, 6, 13], [3, 11, 4, 10], [15, 4, 16, 5], [11, 17, 12, 16], [14, 19, 15, 20], [17, 3, 18, 2]]
mL10n46: [[8, 2, 9, 1], [9, 18, 10, 19], [6, 8, 1, 7], [13, 7, 14, 20], [12, 6, 13, 5], [3, 11, 4, 10], [4, 16, 5, 15], [16, 11, 17, 12], [19, 15, 20, 14], [17, 3, 18, 2]]
mL10n47: [[8, 2, 9, 1], [9, 18, 10, 19], [6, 8, 1, 7], [20, 13, 7, 14], [12, 6, 13, 5], [3, 11, 4, 10], [4, 16, 5, 15], [16, 11, 17, 12], [14, 19, 15, 20], [17, 3, 18, 2]]
mL10n48: [[8, 2, 9, 1], [18, 10, 19, 9], [6, 8, 1, 7], [20, 13, 7, 14], [12, 6, 13, 5], [3, 11, 4, 10], [15, 4, 16, 5], [11, 17, 12, 16], [14, 19, 15, 20], [2, 17, 3, 18]]
mL10n49: [[8, 2, 9, 1], [18, 10, 19, 9], [6, 8, 1, 7], [20, 13, 7, 14], [12, 6, 13, 5], [3, 11, 4, 10], [4, 16, 5, 15], [11, 17, 12, 16], [14, 19, 15, 20], [17, 3, 18, 2]]
mL10n50: [[8, 2, 9, 1], [18, 10, 19, 9], [6, 8, 1, 7], [13, 7, 14, 20], [12, 6, 13, 5], [10, 3, 11, 4], [4, 16, 5, 15], [16, 11, 17, 12], [19, 15, 20, 14], [2, 17, 3, 18]]
mL10n51: [[8, 2, 9, 1], [2, 10, 3, 9], [10, 4, 11, 3], [11, 18, 12, 19], [5, 13, 6, 12], [17, 5, 18, 4], [14, 8, 15, 7], [16, 13, 17, 14], [20, 16, 7, 15], [6, 20, 1, 19]]
mL10n52: [[8, 2, 9, 1], [9, 18, 10, 19], [14, 5, 15, 6], [16, 11, 17, 12], [3, 11, 4, 10], [12, 8, 13, 7], [20, 16, 7, 15], [6, 13, 1, 14], [4, 20, 5, 19], [17, 3, 18, 2]]
mL10n53: [[8, 2, 9, 1], [12, 4, 13, 3], [20, 14, 7, 13], [9, 14, 10, 15], [19, 10, 20, 11], [5, 17, 6, 16], [15, 19, 16, 18], [2, 8, 3, 7], [4, 12, 5, 11], [17, 1, 18, 6]]
mL10n54: [[10, 2, 11, 1], [12, 3, 13, 4], [20, 11, 9, 12], [2, 10, 3, 9], [17, 4, 18, 5], [5, 18, 6, 19], [6, 13, 7, 14], [14, 7, 15, 8], [8, 15, 1, 16], [19, 16, 20, 17]]
mL10n55: [[10, 2, 11, 1], [11, 16, 12, 17], [8, 10, 1, 9], [17, 20, 18, 9], [3, 13, 4, 12], [7, 15, 8, 14], [13, 7, 14, 6], [5, 19, 6, 18], [19, 5, 20, 4], [15, 3, 16, 2]]
mL10n56: [[10, 2, 11, 1], [18, 12, 19, 11], [20, 6, 9, 5], [7, 14, 8, 15], [12, 3, 13, 4], [13, 17, 14, 16], [15, 6, 16, 7], [8, 10, 1, 9], [4, 20, 5, 19], [2, 17, 3, 18]]
mL10n57: [[10, 2, 11, 1], [20, 6, 9, 5], [3, 14, 4, 15], [15, 4, 16, 5], [7, 16, 8, 17], [11, 19, 12, 18], [17, 13, 18, 12], [2, 10, 3, 9], [13, 8, 14, 1], [6, 20, 7, 19]]
mL10n58: [[12, 2, 13, 1], [7, 16, 8, 17], [5, 10, 6, 1], [3, 6, 4, 7], [9, 4, 10, 5], [17, 20, 18, 11], [13, 18, 14, 19], [19, 14, 20, 15], [2, 12, 3, 11], [15, 8, 16, 9]]
mL10n59: [[12, 2, 13, 1], [7, 16, 8, 17], [5, 10, 6, 1], [3, 6, 4, 7], [9, 4, 10, 5], [20, 18, 11, 17], [18, 14, 19, 13], [14, 20, 15, 19], [2, 12, 3, 11], [15, 8, 16, 9]]
mL10n60: [[12, 2, 13, 1], [16, 8, 17, 7], [5, 10, 6, 1], [3, 6, 4, 7], [9, 4, 10, 5], [17, 20, 18, 11], [13, 18, 14, 19], [19, 14, 20, 15], [2, 12, 3, 11], [8, 16, 9, 15]]
mL10n61: [[12, 2, 13, 1], [16, 8, 17, 7], [5, 10, 6, 1], [3, 6, 4, 7], [9, 4, 10, 5], [20, 18, 11, 17], [18, 14, 19, 13], [14, 20, 15, 19], [2, 12, 3, 11], [8, 16, 9, 15]]
mL10n62: [[12, 2, 13, 1], [16, 7, 17, 8], [5, 10, 6, 1], [3, 6, 4, 7], [9, 4, 10, 5], [18, 13, 19, 14], [20, 15, 11, 16], [14, 19, 15, 20], [2, 12, 3, 11], [8, 17, 9, 18]]
mL10n63: [[12, 2, 13, 1], [7, 16, 8, 17], [3, 8, 4, 9], [17, 3, 18, 2], [5, 15, 6, 14], [11, 7, 12, 6], [9, 19, 10, 18], [15, 20, 16, 11], [10, 14, 1, 13], [19, 4, 20, 5]]
mL10n64: [[12, 2, 13, 1], [16, 8, 17, 7], [3, 8, 4, 9], [17, 3, 18, 2], [14, 5, 15, 6], [6, 11, 7, 12], [9, 19, 10, 18], [20, 16, 11, 15], [10, 14, 1, 13], [4, 20, 5, 19]]
mL10n65: [[6, 2, 7, 1], [3, 10, 4, 11], [11, 17, 12, 16], [13, 18, 14, 19], [17, 9, 18, 20], [19, 12, 20, 13], [15, 5, 16, 8], [7, 15, 8, 14], [2, 6, 3, 5], [9, 4, 10, 1]]
mL10n66: [[6, 2, 7, 1], [3, 10, 4, 11], [16, 11, 17, 12], [18, 14, 19, 13], [20, 17, 9, 18], [12, 20, 13, 19], [15, 5, 16, 8], [7, 15, 8, 14], [2, 6, 3, 5], [9, 4, 10, 1]]
mL10n67: [[6, 2, 7, 1], [10, 4, 11, 3], [11, 17, 12, 16], [13, 18, 14, 19], [17, 9, 18, 20], [19, 12, 20, 13], [8, 15, 5, 16], [14, 7, 15, 8], [2, 6, 3, 5], [4, 10, 1, 9]]
mL10n68: [[6, 2, 7, 1], [5, 13, 6, 12], [3, 9, 4, 8], [13, 3, 14, 2], [14, 8, 15, 7], [9, 19, 10, 18], [11, 17, 12, 16], [17, 11, 18, 20], [4, 16, 1, 15], [19, 5, 20, 10]]
mL10n69: [[6, 2, 7, 1], [5, 13, 6, 12], [3, 9, 4, 8], [2, 13, 3, 14], [14, 8, 15, 7], [9, 19, 10, 18], [11, 17, 12, 16], [17, 11, 18, 20], [15, 4, 16, 1], [19, 5, 20, 10]]
mL10n70: [[6, 2, 7, 1], [5, 13, 6, 12], [8, 3, 9, 4], [2, 13, 3, 14], [14, 8, 15, 7], [9, 19, 10, 18], [11, 17, 12, 16], [17, 11, 18, 20], [4, 16, 1, 15], [19, 5, 20, 10]]
mL10n71: [[6, 2, 7, 1], [3, 13, 4, 12], [7, 16, 8, 17], [9, 20, 10, 11], [11, 19, 12, 18], [15, 8, 16, 9], [19, 10, 20, 5], [17, 15, 18, 14], [2, 6, 3, 5], [13, 1, 14, 4]]
mL10n72: [[6, 2, 7, 1], [12, 3, 13, 4], [7, 16, 8, 17], [9, 20, 10, 11], [11, 19, 12, 18], [15, 8, 16, 9], [19, 10, 20, 5], [17, 15, 18, 14], [2, 6, 3, 5], [4, 13, 1, 14]]
mL10n73: [[6, 2, 7, 1], [12, 3, 13, 4], [7, 16, 8, 17], [20, 10, 11, 9], [18, 11, 19, 12], [15, 8, 16, 9], [10, 20, 5, 19], [17, 15, 18, 14], [2, 6, 3, 5], [4, 13, 1, 14]]
mL10n74: [[6, 2, 7, 1], [5, 15, 6, 14], [3, 9, 4, 8], [15, 3, 16, 2], [16, 8, 17, 7], [9, 19, 10, 18], [4, 18, 1, 17], [19, 5, 20, 12], [11, 13, 12, 20], [13, 11, 14, 10]]
mL10n75: [[6, 2, 7, 1], [5, 15, 6, 14], [3, 9, 4, 8], [2, 15, 3, 16], [16, 8, 17, 7], [9, 19, 10, 18], [17, 4, 18, 1], [19, 5, 20, 12], [11, 13, 12, 20], [13, 11, 14, 10]]
mL10n76: [[6, 2, 7, 1], [5, 15, 6, 14], [8, 3, 9, 4], [2, 15, 3, 16], [16, 8, 17, 7], [9, 19, 10, 18], [4, 18, 1, 17], [19, 5, 20, 12], [11, 13, 12, 20], [13, 11, 14, 10]]
mL10n77: [[6, 2, 7, 1], [5, 15, 6, 14], [3, 9, 4, 8], [15, 3, 16, 2], [16, 8, 17, 7], [9, 19, 10, 18], [11, 13, 12, 20], [13, 5, 14, 12], [4, 18, 1, 17], [19, 11, 20, 10]]
mL10n78: [[6, 2, 7, 1], [5, 15, 6, 14], [3, 9, 4, 8], [2, 15, 3, 16], [16, 8, 17, 7], [9, 19, 10, 18], [11, 13, 12, 20], [13, 5, 14, 12], [17, 4, 18, 1], [19, 11, 20, 10]]
mL10n79: [[6, 2, 7, 1], [5, 15, 6, 14], [8, 3, 9, 4], [2, 15, 3, 16], [16, 8, 17, 7], [9, 19, 10, 18], [11, 13, 12, 20], [13, 5, 14, 12], [4, 18, 1, 17], [19, 11, 20, 10]]
mL10n80: [[6, 2, 7, 1], [10, 4, 11, 3], [11, 19, 12, 18], [7, 15, 8, 14], [13, 9, 14, 8], [15, 20, 16, 13], [19, 16, 20, 17], [17, 5, 18, 12], [2, 6, 3, 5], [4, 10, 1, 9]]
mL10n81: [[6, 2, 7, 1], [2, 15, 3, 16], [3, 11, 4, 10], [5, 15, 6, 14], [11, 13, 12, 20], [13, 5, 14, 12], [19, 4, 20, 1], [8, 18, 9, 17], [16, 8, 17, 7], [18, 10, 19, 9]]
mL10n82: [[6, 2, 7, 1], [14, 3, 15, 4], [11, 13, 12, 20], [7, 19, 8, 18], [9, 17, 10, 16], [17, 9, 18, 8], [13, 11, 14, 10], [19, 5, 20, 12], [2, 6, 3, 5], [4, 15, 1, 16]]
mL10n83: [[6, 2, 7, 1], [12, 8, 13, 7], [4, 14, 1, 13], [5, 17, 6, 16], [8, 3, 9, 4], [17, 15, 18, 20], [19, 11, 20, 10], [9, 19, 10, 18], [15, 5, 16, 14], [2, 11, 3, 12]]
mL10n84: [[6, 2, 7, 1], [10, 4, 11, 3], [13, 15, 14, 20], [7, 17, 8, 16], [15, 9, 16, 8], [11, 19, 12, 18], [19, 13, 20, 12], [17, 5, 18, 14], [2, 6, 3, 5], [4, 10, 1, 9]]
mL10n85: [[6, 2, 7, 1], [10, 4, 11, 3], [20, 13, 15, 14], [7, 17, 8, 16], [15, 9, 16, 8], [18, 11, 19, 12], [12, 19, 13, 20], [14, 17, 5, 18], [2, 6, 3, 5], [4, 10, 1, 9]]
mL10n86: [[6, 2, 7, 1], [10, 4, 11, 3], [13, 15, 14, 20], [16, 7, 17, 8], [8, 15, 9, 16], [11, 19, 12, 18], [19, 13, 20, 12], [17, 5, 18, 14], [2, 6, 3, 5], [4, 10, 1, 9]]
mL10n87: [[6, 2, 7, 1], [10, 4, 11, 3], [11, 18, 12, 19], [17, 8, 18, 9], [7, 16, 8, 17], [13, 20, 14, 15], [15, 14, 16, 5], [19, 12, 20, 13], [2, 6, 3, 5], [4, 10, 1, 9]]
mL10n88: [[6, 2, 7, 1], [10, 4, 11, 3], [7, 15, 8, 14], [15, 20, 16, 17], [11, 18, 12, 19], [17, 12, 18, 13], [19, 16, 20, 5], [13, 9, 14, 8], [2, 6, 3, 5], [4, 10, 1, 9]]
mL10n89: [[6, 2, 7, 1], [10, 4, 11, 3], [7, 15, 8, 14], [20, 16, 17, 15], [18, 12, 19, 11], [12, 18, 13, 17], [16, 20, 5, 19], [13, 9, 14, 8], [2, 6, 3, 5], [4, 10, 1, 9]]
mL10n90: [[6, 2, 7, 1], [3, 12, 4, 13], [13, 17, 14, 20], [7, 19, 8, 18], [17, 11, 18, 10], [9, 14, 10, 15], [15, 8, 16, 9], [19, 5, 20, 16], [2, 6, 3, 5], [11, 4, 12, 1]]
mL10n91: [[6, 2, 7, 1], [12, 4, 13, 3], [13, 17, 14, 20], [7, 19, 8, 18], [17, 11, 18, 10], [9, 14, 10, 15], [15, 8, 16, 9], [19, 5, 20, 16], [2, 6, 3, 5], [4, 12, 1, 11]]
mL10n92: [[8, 2, 9, 1], [18, 9, 19, 10], [17, 1, 18, 6], [7, 16, 8, 17], [3, 11, 4, 10], [5, 15, 6, 14], [13, 5, 14, 4], [11, 20, 12, 13], [15, 12, 16, 7], [2, 20, 3, 19]]
mL10n93: [[8, 2, 9, 1], [9, 19, 10, 18], [17, 1, 18, 6], [16, 8, 17, 7], [3, 11, 4, 10], [5, 15, 6, 14], [13, 5, 14, 4], [20, 12, 13, 11], [12, 16, 7, 15], [2, 20, 3, 19]]
mL10n94: [[8, 2, 9, 1], [18, 9, 19, 10], [6, 17, 1, 18], [7, 16, 8, 17], [3, 11, 4, 10], [14, 5, 15, 6], [4, 13, 5, 14], [11, 20, 12, 13], [15, 12, 16, 7], [19, 2, 20, 3]]
mL10n95: [[8, 2, 9, 1], [18, 11, 19, 12], [3, 11, 4, 10], [19, 3, 20, 2], [16, 7, 17, 8], [9, 20, 10, 13], [12, 17, 7, 18], [4, 14, 5, 13], [14, 6, 15, 5], [6, 16, 1, 15]]
mL10n96: [[6, 2, 7, 1], [2, 6, 3, 5], [13, 20, 14, 15], [3, 10, 4, 11], [9, 4, 10, 1], [7, 16, 8, 17], [15, 8, 16, 5], [11, 18, 12, 19], [19, 12, 20, 13], [17, 14, 18, 9]]
mL10n97: [[6, 2, 7, 1], [2, 6, 3, 5], [20, 14, 15, 13], [3, 10, 4, 11], [9, 4, 10, 1], [7, 16, 8, 17], [15, 8, 16, 5], [18, 12, 19, 11], [12, 20, 13, 19], [14, 18, 9, 17]]
mL10n98: [[6, 2, 7, 1], [2, 6, 3, 5], [13, 20, 14, 15], [10, 4, 11, 3], [4, 10, 1, 9], [16, 8, 17, 7], [8, 16, 5, 15], [11, 18, 12, 19], [19, 12, 20, 13], [17, 14, 18, 9]]
mL10n99: [[6, 2, 7, 1], [3, 10, 4, 11], [7, 14, 8, 15], [13, 8, 14, 5], [11, 19, 12, 18], [15, 17, 16, 20], [19, 9, 20, 16], [17, 13, 18, 12], [2, 6, 3, 5], [9, 4, 10, 1]]
mL10n100: [[6, 2, 7, 1], [3, 10, 4, 11], [7, 14, 8, 15], [13, 8, 14, 5], [11, 19, 12, 18], [20, 15, 17, 16], [16, 19, 9, 20], [17, 13, 18, 12], [2, 6, 3, 5], [9, 4, 10, 1]]
mL10n101: [[6, 2, 7, 1], [3, 10, 4, 11], [7, 14, 8, 15], [13, 8, 14, 5], [18, 11, 19, 12], [20, 15, 17, 16], [16, 19, 9, 20], [12, 17, 13, 18], [2, 6, 3, 5], [9, 4, 10, 1]]
mL10n102: [[6, 2, 7, 1], [10, 4, 11, 3], [14, 8, 15, 7], [8, 14, 5, 13], [11, 19, 12, 18], [15, 17, 16, 20], [19, 9, 20, 16], [17, 13, 18, 12], [2, 6, 3, 5], [4, 10, 1, 9]]
mL10n103: [[6, 2, 7, 1], [10, 4, 11, 3], [14, 8, 15, 7], [8, 14, 5, 13], [11, 19, 12, 18], [20, 15, 17, 16], [16, 19, 9, 20], [17, 13, 18, 12], [2, 6, 3, 5], [4, 10, 1, 9]]
mL10n104: [[6, 2, 7, 1], [5, 13, 6, 12], [3, 9, 4, 8], [15, 3, 16, 2], [7, 16, 8, 17], [14, 10, 11, 9], [20, 14, 15, 13], [19, 10, 20, 5], [11, 19, 12, 18], [4, 18, 1, 17]]
mL10n105: [[6, 2, 7, 1], [5, 13, 6, 12], [3, 9, 4, 8], [2, 15, 3, 16], [7, 16, 8, 17], [14, 10, 11, 9], [20, 14, 15, 13], [19, 10, 20, 5], [11, 19, 12, 18], [17, 4, 18, 1]]
mL10n106: [[6, 2, 7, 1], [5, 13, 6, 12], [3, 9, 4, 8], [15, 3, 16, 2], [16, 8, 17, 7], [9, 14, 10, 11], [13, 20, 14, 15], [19, 10, 20, 5], [11, 19, 12, 18], [4, 18, 1, 17]]
mL10n107: [[6, 2, 7, 1], [5, 13, 6, 12], [8, 3, 9, 4], [2, 15, 3, 16], [16, 8, 17, 7], [9, 14, 10, 11], [13, 20, 14, 15], [19, 10, 20, 5], [11, 19, 12, 18], [4, 18, 1, 17]]
mL10n108: [[6, 2, 7, 1], [5, 13, 6, 12], [3, 9, 4, 8], [15, 3, 16, 2], [16, 8, 17, 7], [19, 14, 20, 11], [13, 20, 14, 15], [9, 19, 10, 18], [11, 5, 12, 10], [4, 18, 1, 17]]
mL10n109: [[6, 2, 7, 1], [5, 13, 6, 12], [3, 9, 4, 8], [2, 15, 3, 16], [16, 8, 17, 7], [19, 14, 20, 11], [13, 20, 14, 15], [9, 19, 10, 18], [11, 5, 12, 10], [17, 4, 18, 1]]
mL10n110: [[6, 2, 7, 1], [3, 12, 4, 13], [13, 20, 14, 17], [19, 16, 20, 11], [7, 18, 8, 19], [15, 9, 16, 8], [9, 15, 10, 14], [17, 10, 18, 5], [2, 6, 3, 5], [11, 4, 12, 1]]
mL10n111: [[6, 2, 7, 1], [12, 4, 13, 3], [13, 20, 14, 17], [19, 16, 20, 11], [7, 18, 8, 19], [15, 9, 16, 8], [9, 15, 10, 14], [17, 10, 18, 5], [2, 6, 3, 5], [4, 12, 1, 11]]
mL10n112: [[6, 2, 7, 1], [2, 6, 3, 5], [11, 18, 12, 19], [3, 10, 4, 11], [9, 4, 10, 1], [7, 14, 8, 15], [13, 8, 14, 5], [15, 20, 16, 17], [19, 16, 20, 13], [17, 12, 18, 9]]
mL10n113: [[6, 2, 7, 1], [2, 6, 3, 5], [11, 18, 12, 19], [3, 10, 4, 11], [9, 4, 10, 1], [7, 14, 8, 15], [13, 8, 14, 5], [20, 16, 17, 15], [16, 20, 13, 19], [17, 12, 18, 9]]
